10

4 2 6 9 1
4 6 1
5 6 10
4 5 5
3 5 4
2 3 4
1 2 3

10 10 190 2 1
2 1 1
3 1 1
3 2 1
4 1 1
4 2 1
4 3 1
5 1 1
5 2 1
5 3 1
5 4 1
6 1 1
6 2 1
6 3 1
6 4 1
6 5 1
7 1 1
7 2 1
7 3 1
7 4 1
7 5 1
7 6 1
8 1 1
8 2 1
8 3 1
8 4 1
8 5 1
8 6 1
8 7 1
9 1 1
9 2 1
9 3 1
9 4 1
9 5 1
9 6 1
9 7 1
9 8 1
10 1 1
10 2 1
10 3 1
10 4 1
10 5 1
10 6 1
10 7 1
10 8 1
10 9 1
11 1 1
11 2 1
11 3 1
11 4 1
11 5 1
11 6 1
11 7 1
11 8 1
11 9 1
11 10 1
12 1 1
12 2 1
12 3 1
12 4 1
12 5 1
12 6 1
12 7 1
12 8 1
12 9 1
12 10 1
12 11 1
13 1 1
13 2 1
13 3 1
13 4 1
13 5 1
13 6 1
13 7 1
13 8 1
13 9 1
13 10 1
13 11 1
13 12 1
14 1 1
14 2 1
14 3 1
14 4 1
14 5 1
14 6 1
14 7 1
14 8 1
14 9 1
14 10 1
14 11 1
14 12 1
14 13 1
15 1 1
15 2 1
15 3 1
15 4 1
15 5 1
15 6 1
15 7 1
15 8 1
15 9 1
15 10 1
15 11 1
15 12 1
15 13 1
15 14 1
16 1 1
16 2 1
16 3 1
16 4 1
16 5 1
16 6 1
16 7 1
16 8 1
16 9 1
16 10 1
16 11 1
16 12 1
16 13 1
16 14 1
16 15 1
17 1 1
17 2 1
17 3 1
17 4 1
17 5 1
17 6 1
17 7 1
17 8 1
17 9 1
17 10 1
17 11 1
17 12 1
17 13 1
17 14 1
17 15 1
17 16 1
18 1 1
18 2 1
18 3 1
18 4 1
18 5 1
18 6 1
18 7 1
18 8 1
18 9 1
18 10 1
18 11 1
18 12 1
18 13 1
18 14 1
18 15 1
18 16 1
18 17 1
19 1 1
19 2 1
19 3 1
19 4 1
19 5 1
19 6 1
19 7 1
19 8 1
19 9 1
19 10 1
19 11 1
19 12 1
19 13 1
19 14 1
19 15 1
19 16 1
19 17 1
19 18 1
20 1 1
20 2 1
20 3 1
20 4 1
20 5 1
20 6 1
20 7 1
20 8 1
20 9 1
20 10 1
20 11 1
20 12 1
20 13 1
20 14 1
20 15 1
20 16 1
20 17 1
20 18 1
20 19 1

10 10 190 2 0
2 1 1
3 1 1
3 2 1
4 1 1
4 2 1
4 3 1
5 1 1
5 2 1
5 3 1
5 4 1
6 1 1
6 2 1
6 3 1
6 4 1
6 5 1
7 1 1
7 2 1
7 3 1
7 4 1
7 5 1
7 6 1
8 1 1
8 2 1
8 3 1
8 4 1
8 5 1
8 6 1
8 7 1
9 1 1
9 2 1
9 3 1
9 4 1
9 5 1
9 6 1
9 7 1
9 8 1
10 1 1
10 2 1
10 3 1
10 4 1
10 5 1
10 6 1
10 7 1
10 8 1
10 9 1
11 1 1
11 2 1
11 3 1
11 4 1
11 5 1
11 6 1
11 7 1
11 8 1
11 9 1
11 10 1
12 1 1
12 2 1
12 3 1
12 4 1
12 5 1
12 6 1
12 7 1
12 8 1
12 9 1
12 10 1
12 11 1
13 1 1
13 2 1
13 3 1
13 4 1
13 5 1
13 6 1
13 7 1
13 8 1
13 9 1
13 10 1
13 11 1
13 12 1
14 1 1
14 2 1
14 3 1
14 4 1
14 5 1
14 6 1
14 7 1
14 8 1
14 9 1
14 10 1
14 11 1
14 12 1
14 13 1
15 1 1
15 2 1
15 3 1
15 4 1
15 5 1
15 6 1
15 7 1
15 8 1
15 9 1
15 10 1
15 11 1
15 12 1
15 13 1
15 14 1
16 1 1
16 2 1
16 3 1
16 4 1
16 5 1
16 6 1
16 7 1
16 8 1
16 9 1
16 10 1
16 11 1
16 12 1
16 13 1
16 14 1
16 15 1
17 1 1
17 2 1
17 3 1
17 4 1
17 5 1
17 6 1
17 7 1
17 8 1
17 9 1
17 10 1
17 11 1
17 12 1
17 13 1
17 14 1
17 15 1
17 16 1
18 1 1
18 2 1
18 3 1
18 4 1
18 5 1
18 6 1
18 7 1
18 8 1
18 9 1
18 10 1
18 11 1
18 12 1
18 13 1
18 14 1
18 15 1
18 16 1
18 17 1
19 1 1
19 2 1
19 3 1
19 4 1
19 5 1
19 6 1
19 7 1
19 8 1
19 9 1
19 10 1
19 11 1
19 12 1
19 13 1
19 14 1
19 15 1
19 16 1
19 17 1
19 18 1
20 1 1
20 2 1
20 3 1
20 4 1
20 5 1
20 6 1
20 7 1
20 8 1
20 9 1
20 10 1
20 11 1
20 12 1
20 13 1
20 14 1
20 15 1
20 16 1
20 17 1
20 18 1
20 19 1

10 10 19 6 3
1 2 3
2 3 4
3 4 2
4 5 1
5 6 5
6 7 6
7 8 4
8 9 5
9 10 6
10 11 4
11 12 3
12 13 4
13 14 3
14 15 1
15 16 3
16 17 3
17 18 4
18 19 5
19 20 6

10 10 19 10 1
1 2 3
2 3 4
3 4 2
4 5 1
5 6 5
6 7 6
7 8 4
8 9 5
9 10 6
10 11 4
11 12 3
12 13 4
13 14 3
14 15 1
15 16 3
16 17 3
17 18 4
18 19 5
19 20 6

10 10 19 3 10
1 2 3
2 3 4
3 4 2
4 5 1
5 6 5
6 7 6
7 8 4
8 9 5
9 10 6
10 11 4
11 12 3
12 13 4
13 14 3
14 15 1
15 16 3
16 17 3
17 18 4
18 19 5
19 20 6

50 50 984 3 10
2 1 42
3 2 68
4 2 24
4 3 35
5 2 28
5 4 1
6 5 70
7 6 25
8 3 99
8 6 68
8 7 79
9 8 59
10 3 62
10 9 63
11 10 65
12 11 6
13 1 11
13 4 28
13 12 46
14 1 59
14 2 51
14 9 88
14 13 82
15 2 17
15 12 91
15 14 28
16 3 74
16 9 24
16 15 62
17 3 31
17 10 36
17 16 92
18 3 100
18 14 10
18 16 27
18 17 96
19 3 8
19 6 41
19 11 18
19 12 93
19 18 43
20 12 62
20 19 28
21 15 54
21 16 49
21 20 37
22 3 5
22 6 27
22 11 18
22 21 92
23 5 96
23 8 46
23 18 13
23 22 5
24 2 91
24 3 32
24 5 26
24 21 3
24 23 3
25 4 9
25 8 8
25 9 38
25 15 35
25 20 26
25 22 98
25 24 54
26 10 13
26 19 74
26 25 93
27 2 35
27 6 13
27 11 58
27 12 72
27 18 35
27 22 64
27 24 4
27 26 83
28 1 70
28 9 94
28 14 3
28 21 74
28 27 22
29 1 81
29 12 51
29 28 17
30 4 8
30 15 69
30 24 90
30 28 29
30 29 19
31 1 62
31 3 58
31 4 29
31 8 92
31 14 69
31 17 50
31 21 49
31 24 51
31 30 96
32 7 69
32 13 15
32 16 31
32 20 39
32 31 48
33 4 6
33 6 41
33 9 79
33 13 96
33 20 82
33 32 27
34 9 62
34 26 11
34 31 24
34 32 80
34 33 72
35 2 79
35 4 57
35 9 62
35 29 71
35 34 39
36 5 57
36 9 65
36 11 100
36 12 68
36 27 86
36 34 12
36 35 70
37 15 65
37 16 58
37 26 19
37 31 15
37 35 2
37 36 13
38 4 91
38 6 5
38 8 58
38 11 62
38 13 99
38 17 8
38 24 65
38 25 49
38 29 20
38 37 68
39 1 20
39 8 61
39 22 52
39 23 29
39 24 19
39 38 100
40 4 61
40 13 89
40 16 59
40 24 80
40 29 13
40 39 36
41 4 80
41 6 12
41 10 98
41 12 93
41 18 4
41 19 65
41 21 61
41 31 76
41 34 67
41 35 98
41 40 95
42 3 88
42 9 91
42 11 32
42 12 76
42 13 46
42 14 56
42 15 95
42 16 80
42 19 4
42 23 13
42 24 30
42 25 67
42 26 12
42 30 41
42 34 16
42 41 4
43 1 38
43 9 4
43 20 14
43 23 8
43 24 55
43 28 11
43 30 18
43 42 12
44 21 79
44 24 32
44 25 24
44 28 59
44 35 78
44 38 10
44 41 34
44 43 23
45 10 90
45 19 64
45 39 73
45 44 34
46 7 67
46 9 19
46 10 10
46 11 96
46 12 68
46 13 47
46 25 73
46 30 95
46 33 14
46 36 83
46 45 74
47 4 32
47 5 89
47 15 89
47 23 7
47 29 63
47 38 82
47 46 65
48 5 4
48 6 95
48 9 47
48 12 54
48 16 93
48 25 19
48 26 59
48 33 81
48 44 89
48 46 71
48 47 42
49 1 59
49 4 62
49 9 92
49 13 19
49 23 52
49 24 52
49 25 24
49 28 99
49 29 93
49 48 12
50 3 8
50 7 55
50 11 79
50 17 68
50 19 66
50 25 70
50 32 70
50 34 66
50 38 67
50 49 54
51 2 61
51 3 92
51 4 34
51 8 30
51 16 10
51 17 90
51 33 6
51 35 23
51 44 55
51 50 69
52 1 50
52 10 88
52 16 56
52 23 22
52 24 91
52 29 59
52 35 76
52 41 45
52 42 30
52 49 71
52 51 48
53 9 63
53 12 61
53 20 1
53 29 70
53 30 65
53 37 52
53 42 55
53 48 33
53 51 51
53 52 45
54 9 24
54 13 9
54 23 36
54 29 10
54 34 30
54 39 30
54 40 25
54 46 15
54 51 82
54 53 63
55 1 91
55 11 46
55 28 89
55 34 4
55 35 73
55 48 15
55 53 46
55 54 58
56 3 61
56 8 67
56 11 60
56 13 61
56 14 86
56 16 31
56 18 72
56 24 3
56 26 2
56 29 15
56 34 66
56 35 50
56 37 68
56 43 63
56 45 19
56 55 38
57 6 32
57 12 3
57 20 99
57 22 59
57 32 96
57 35 94
57 44 94
57 46 89
57 47 10
57 53 37
57 56 60
58 9 31
58 12 6
58 20 42
58 25 78
58 27 27
58 33 33
58 36 84
58 38 72
58 43 42
58 50 41
58 57 24
59 1 72
59 6 22
59 19 51
59 22 89
59 26 30
59 31 94
59 32 94
59 34 23
59 36 60
59 37 68
59 40 5
59 48 53
59 58 42
60 1 53
60 9 20
60 12 52
60 19 90
60 26 22
60 28 10
60 29 23
60 35 5
60 45 93
60 46 87
60 50 25
60 57 3
60 58 67
60 59 30
61 8 28
61 14 84
61 16 5
61 19 54
61 22 59
61 34 31
61 53 59
61 54 78
61 60 79
62 2 100
62 4 91
62 11 86
62 28 68
62 30 36
62 35 57
62 38 96
62 43 95
62 45 64
62 47 39
62 55 35
62 56 65
62 57 13
62 61 17
63 3 63
63 6 18
63 8 98
63 14 97
63 20 76
63 24 97
63 30 85
63 44 43
63 46 24
63 48 56
63 51 35
63 52 30
63 54 85
63 62 36
64 2 64
64 8 84
64 11 72
64 22 7
64 24 29
64 29 65
64 39 36
64 43 48
64 50 82
64 53 74
64 56 17
64 60 54
64 61 48
64 62 57
64 63 91
65 6 58
65 8 96
65 10 83
65 14 76
65 16 43
65 18 16
65 22 10
65 24 75
65 26 61
65 39 72
65 55 67
65 64 43
66 14 62
66 16 29
66 22 22
66 25 73
66 30 60
66 36 76
66 44 73
66 45 41
66 50 90
66 52 2
66 54 5
66 61 46
66 63 2
66 65 89
67 4 13
67 23 87
67 27 88
67 34 61
67 60 99
67 65 94
67 66 7
68 1 93
68 9 78
68 14 94
68 23 83
68 26 90
68 29 94
68 32 88
68 37 84
68 63 9
68 66 39
68 67 41
69 3 23
69 12 14
69 16 97
69 18 15
69 23 14
69 27 11
69 40 99
69 44 78
69 52 17
69 59 32
69 67 3
69 68 43
70 4 62
70 8 17
70 12 99
70 13 47
70 17 84
70 32 41
70 35 72
70 38 70
70 39 64
70 43 45
70 48 46
70 49 31
70 53 80
70 55 22
70 58 33
70 60 96
70 62 97
70 69 65
71 2 24
71 3 65
71 4 8
71 7 42
71 9 69
71 16 77
71 21 23
71 22 84
71 27 35
71 29 28
71 30 78
71 32 48
71 33 40
71 34 88
71 39 77
71 41 77
71 70 49
72 3 67
72 4 46
72 7 67
72 11 46
72 14 16
72 21 93
72 23 12
72 26 9
72 27 98
72 34 68
72 37 60
72 54 81
72 57 81
72 69 94
72 71 47
73 8 95
73 9 44
73 16 30
73 20 92
73 23 39
73 27 7
73 29 35
73 31 2
73 33 53
73 35 56
73 36 1
73 50 41
73 51 24
73 61 95
73 62 82
73 72 6
74 5 63
74 30 5
74 42 87
74 49 93
74 51 67
74 53 95
74 62 46
74 67 52
74 71 64
74 73 91
75 10 1
75 14 2
75 17 92
75 20 44
75 21 36
75 23 69
75 32 53
75 34 92
75 37 21
75 40 21
75 47 74
75 48 22
75 50 31
75 54 21
75 56 32
75 64 23
75 65 65
75 71 71
75 73 60
75 74 30
76 9 93
76 14 73
76 16 63
76 22 16
76 27 90
76 29 33
76 40 4
76 49 39
76 63 86
76 75 71
77 3 44
77 4 44
77 6 63
77 17 79
77 21 12
77 24 41
77 26 30
77 27 97
77 36 75
77 44 15
77 54 100
77 55 70
77 60 90
77 68 99
77 76 51
78 1 59
78 3 63
78 5 7
78 8 85
78 11 83
78 12 25
78 16 84
78 18 30
78 26 15
78 31 7
78 38 92
78 43 78
78 48 90
78 72 46
78 75 26
78 76 25
78 77 7
79 7 49
79 8 90
79 10 24
79 17 79
79 22 56
79 25 82
79 27 51
79 32 45
79 38 94
79 40 39
79 41 12
79 53 44
79 66 8
79 70 63
79 78 2
80 5 39
80 7 63
80 11 53
80 18 18
80 20 17
80 29 65
80 49 48
80 54 44
80 59 78
80 69 41
80 72 78
80 77 44
80 79 94
81 14 65
81 16 52
81 19 97
81 37 76
81 39 98
81 41 77
81 52 78
81 63 37
81 73 9
81 77 56
81 80 49
82 1 62
82 4 30
82 5 93
82 8 13
82 13 73
82 17 99
82 22 56
82 29 91
82 30 13
82 35 54
82 36 15
82 49 1
82 58 51
82 62 53
82 64 4
82 65 41
82 68 11
82 70 66
82 73 7
82 74 4
82 77 48
82 81 30
83 2 48
83 9 55
83 15 8
83 20 42
83 24 19
83 32 56
83 39 56
83 47 82
83 49 41
83 50 24
83 55 86
83 57 91
83 59 27
83 70 37
83 82 24
84 3 91
84 6 51
84 17 33
84 21 15
84 23 32
84 26 39
84 34 76
84 40 16
84 49 8
84 51 59
84 56 95
84 61 54
84 63 10
84 67 62
84 77 49
84 80 68
84 83 85
85 7 76
85 8 75
85 10 57
85 11 75
85 19 65
85 33 80
85 40 57
85 41 18
85 49 72
85 52 2
85 66 94
85 69 7
85 76 87
85 79 1
85 84 55
86 1 25
86 3 81
86 6 17
86 9 39
86 14 99
86 19 81
86 20 90
86 30 41
86 33 29
86 38 12
86 39 71
86 43 43
86 51 41
86 57 17
86 68 17
86 72 75
86 73 35
86 79 58
86 82 53
86 83 86
86 84 91
86 85 57
87 20 59
87 22 63
87 34 5
87 38 91
87 43 11
87 45 47
87 50 14
87 51 56
87 60 88
87 65 1
87 66 88
87 72 64
87 74 22
87 76 34
87 78 70
87 86 41
88 6 80
88 14 64
88 15 4
88 19 6
88 27 63
88 33 57
88 36 97
88 41 100
88 43 54
88 46 6
88 54 84
88 61 14
88 67 57
88 71 64
88 82 72
88 87 67
89 1 28
89 2 90
89 6 83
89 10 85
89 16 51
89 18 18
89 23 64
89 27 18
89 34 36
89 39 56
89 42 82
89 43 9
89 44 54
89 45 11
89 55 47
89 64 41
89 78 33
89 86 91
89 88 77
90 1 13
90 5 32
90 20 66
90 21 66
90 23 39
90 32 53
90 41 65
90 47 79
90 48 82
90 49 83
90 56 79
90 57 14
90 59 10
90 61 6
90 76 51
90 77 30
90 78 62
90 89 32
91 5 35
91 17 63
91 19 100
91 20 77
91 21 25
91 35 43
91 39 42
91 40 55
91 42 14
91 50 44
91 51 36
91 57 64
91 58 59
91 72 6
91 75 73
91 80 89
91 82 24
91 83 79
91 87 62
91 90 9
92 1 63
92 5 19
92 6 93
92 16 89
92 22 86
92 24 44
92 33 24
92 35 16
92 45 4
92 47 38
92 50 36
92 56 74
92 59 3
92 62 62
92 65 24
92 83 96
92 90 88
92 91 45
93 2 60
93 6 65
93 14 25
93 31 1
93 38 83
93 39 80
93 40 48
93 43 23
93 47 38
93 50 55
93 52 54
93 69 26
93 71 20
93 76 62
93 85 68
93 90 76
93 92 40
94 2 33
94 5 67
94 6 13
94 22 27
94 26 32
94 29 85
94 31 18
94 34 91
94 35 38
94 38 31
94 39 80
94 42 30
94 44 24
94 50 96
94 54 17
94 59 41
94 60 16
94 62 18
94 65 76
94 68 97
94 73 56
94 74 21
94 75 83
94 76 66
94 79 52
94 80 91
94 85 88
94 87 81
94 91 97
94 92 16
94 93 27
95 12 69
95 21 30
95 31 47
95 45 9
95 77 59
95 94 24
96 3 86
96 6 95
96 7 59
96 15 42
96 36 9
96 37 66
96 42 87
96 49 85
96 54 69
96 57 61
96 67 61
96 74 90
96 80 70
96 82 79
96 84 42
96 85 26
96 95 38
97 1 54
97 18 86
97 22 49
97 33 56
97 43 49
97 45 23
97 50 85
97 61 68
97 74 41
97 75 23
97 87 63
97 88 30
97 92 84
97 96 39
98 3 9
98 7 53
98 10 31
98 17 87
98 19 78
98 20 81
98 27 77
98 29 52
98 44 50
98 50 57
98 74 13
98 81 66
98 90 91
98 93 72
98 97 19
99 4 53
99 10 58
99 11 74
99 15 59
99 23 48
99 28 90
99 31 70
99 33 88
99 42 43
99 51 10
99 55 47
99 58 46
99 60 75
99 61 99
99 71 88
99 76 50
99 78 87
99 80 2
99 82 90
99 87 19
99 93 68
99 98 83
100 5 75
100 6 92
100 19 39
100 21 11
100 28 26
100 37 81
100 46 73
100 58 77
100 69 85
100 79 53
100 82 79
100 88 11
100 89 79
100 99 30

50 50 118 86 9
2 1 55
3 2 34
4 3 47
5 4 30
6 5 72
7 6 29
8 7 60
9 8 42
10 9 22
11 10 89
12 11 67
13 12 34
14 13 86
15 14 71
16 15 30
17 16 62
18 17 61
19 18 9
20 19 83
21 20 63
22 21 7
23 22 79
24 23 80
25 24 98
26 25 88
27 26 39
28 23 30
28 27 70
29 28 84
30 29 41
31 30 96
32 31 67
33 32 34
34 33 10
35 34 58
36 31 32
36 35 18
37 36 35
38 37 54
39 38 36
40 39 59
41 35 41
41 40 94
42 41 44
43 1 1
43 42 94
44 29 1
44 43 67
45 44 52
46 45 41
47 46 95
48 47 38
49 48 75
50 49 13
51 50 98
52 51 52
53 52 96
54 53 18
55 54 93
56 55 93
57 56 38
58 49 57
58 57 31
59 58 14
60 59 97
61 60 11
62 61 90
63 13 53
63 62 29
64 63 10
65 64 87
66 40 97
66 65 45
67 66 41
68 67 83
69 68 70
70 69 21
71 51 83
71 70 94
72 56 71
72 71 93
73 72 63
74 73 15
75 74 28
76 53 32
76 75 8
77 59 55
77 76 95
78 18 41
78 77 6
79 78 14
80 79 12
81 55 54
81 80 14
82 81 94
83 82 65
84 83 4
85 84 96
86 85 63
87 35 49
87 86 82
88 32 65
88 87 47
89 88 10
90 89 49
91 90 69
92 91 25
93 92 12
94 2 100
94 22 86
94 93 55
95 94 36
96 38 24
96 95 28
97 96 34
98 97 41
99 98 63
100 99 28

50 50 971 9 5
2 1 33
3 1 72
3 2 45
4 3 32
5 2 85
5 4 76
6 2 59
6 5 5
7 3 85
7 5 69
7 6 51
8 7 27
9 8 67
10 9 39
11 4 41
11 10 2
12 7 69
12 11 24
13 1 65
13 6 22
13 11 21
13 12 44
14 1 53
14 3 59
14 7 71
14 8 61
14 10 72
14 11 52
14 13 42
15 5 85
15 7 51
15 13 30
15 14 81
16 2 87
16 4 48
16 9 11
16 13 54
16 15 96
17 4 91
17 9 89
17 14 36
17 16 19
18 1 74
18 7 32
18 17 60
19 6 92
19 8 69
19 13 58
19 16 75
19 18 64
20 8 85
20 10 2
20 18 14
20 19 29
21 2 84
21 4 73
21 20 30
22 2 35
22 8 93
22 20 82
22 21 89
23 4 62
23 12 81
23 22 55
24 1 65
24 10 58
24 14 72
24 23 14
25 1 76
25 9 12
25 10 55
25 12 68
25 23 40
25 24 80
26 2 11
26 11 99
26 12 68
26 14 24
26 19 20
26 24 52
26 25 70
27 2 54
27 20 78
27 21 7
27 26 67
28 10 38
28 11 28
28 13 97
28 14 55
28 24 72
28 27 80
29 1 60
29 11 71
29 12 26
29 21 57
29 22 99
29 23 69
29 25 61
29 28 78
30 16 67
30 17 33
30 23 73
30 24 99
30 25 96
30 26 52
30 28 62
30 29 38
31 8 55
31 10 41
31 26 50
31 27 10
31 30 3
32 7 85
32 13 90
32 18 34
32 25 8
32 30 79
32 31 16
33 1 91
33 3 46
33 11 90
33 13 100
33 14 93
33 21 54
33 28 61
33 29 23
33 32 93
34 1 65
34 14 18
34 19 38
34 22 76
34 24 53
34 25 58
34 32 93
34 33 24
35 2 62
35 13 53
35 17 51
35 25 71
35 30 39
35 34 73
36 14 36
36 18 13
36 20 41
36 21 15
36 25 95
36 27 43
36 29 2
36 35 49
37 6 34
37 29 5
37 30 51
37 36 24
38 1 33
38 16 89
38 36 100
38 37 54
39 14 18
39 24 96
39 27 16
39 33 66
39 38 49
40 3 7
40 9 91
40 11 18
40 12 26
40 27 96
40 29 29
40 39 96
41 2 44
41 9 61
41 12 51
41 22 41
41 40 98
42 9 26
42 10 31
42 13 5
42 15 48
42 20 53
42 23 17
42 32 50
42 33 38
42 36 99
42 39 94
42 41 9
43 1 12
43 2 77
43 5 69
43 12 25
43 16 96
43 30 85
43 31 36
43 32 99
43 39 29
43 40 37
43 41 90
43 42 9
44 4 94
44 20 82
44 25 65
44 26 96
44 30 37
44 32 75
44 33 3
44 42 34
44 43 12
45 13 62
45 18 55
45 24 40
45 26 40
45 27 37
45 32 43
45 37 38
45 41 35
45 44 94
46 3 65
46 4 53
46 13 40
46 21 84
46 22 92
46 24 43
46 29 63
46 32 21
46 39 29
46 42 79
46 45 66
47 6 87
47 15 91
47 18 94
47 20 91
47 21 55
47 26 14
47 29 46
47 45 13
47 46 82
48 4 12
48 13 47
48 19 14
48 22 3
48 27 100
48 37 47
48 41 86
48 46 7
48 47 3
49 5 66
49 20 80
49 27 79
49 29 21
49 31 74
49 33 11
49 36 80
49 42 5
49 43 37
49 48 11
50 1 8
50 4 34
50 6 15
50 9 89
50 15 96
50 18 10
50 36 91
50 43 7
50 48 81
50 49 29
51 15 33
51 17 61
51 20 29
51 23 38
51 24 89
51 50 57
52 9 79
52 11 58
52 24 19
52 30 38
52 38 15
52 48 8
52 51 6
53 10 72
53 12 64
53 15 85
53 16 93
53 19 36
53 23 29
53 24 26
53 25 74
53 31 5
53 38 36
53 39 7
53 47 57
53 49 36
53 51 16
53 52 66
54 1 55
54 3 50
54 4 8
54 6 42
54 9 9
54 18 78
54 23 98
54 28 86
54 30 80
54 35 34
54 43 5
54 50 89
54 53 24
55 5 82
55 8 5
55 12 94
55 15 13
55 24 54
55 49 18
55 51 33
55 54 70
56 1 56
56 5 42
56 14 63
56 16 75
56 23 88
56 26 64
56 28 3
56 29 62
56 34 55
56 41 69
56 43 49
56 49 8
56 55 16
57 5 18
57 9 72
57 13 19
57 16 57
57 19 76
57 21 33
57 22 46
57 26 41
57 32 79
57 33 97
57 41 49
57 45 27
57 48 57
57 49 91
57 56 54
58 1 50
58 6 3
58 13 2
58 19 62
58 27 38
58 47 86
58 54 91
58 57 6
59 1 7
59 3 89
59 4 39
59 8 46
59 17 85
59 21 75
59 22 58
59 23 60
59 26 68
59 30 37
59 33 97
59 39 81
59 47 95
59 53 47
59 55 59
59 56 48
59 57 50
59 58 85
60 2 10
60 6 97
60 7 50
60 17 59
60 20 14
60 26 19
60 42 32
60 45 62
60 50 15
60 51 79
60 53 56
60 58 87
60 59 79
61 2 50
61 6 54
61 15 39
61 22 83
61 35 1
61 36 6
61 47 28
61 51 46
61 54 87
61 60 46
62 18 8
62 19 47
62 20 82
62 27 5
62 37 61
62 40 85
62 44 4
62 45 60
62 46 52
62 48 6
62 57 48
62 61 41
63 12 12
63 17 25
63 21 45
63 39 38
63 44 59
63 47 3
63 55 77
63 62 34
64 3 3
64 17 59
64 19 14
64 36 16
64 39 21
64 51 62
64 52 20
64 54 27
64 63 86
65 5 78
65 24 38
65 27 73
65 30 67
65 38 96
65 39 13
65 63 11
65 64 1
66 10 87
66 17 61
66 18 43
66 30 60
66 31 53
66 33 81
66 34 39
66 35 50
66 39 65
66 40 7
66 41 80
66 42 92
66 44 19
66 47 81
66 57 15
66 63 74
66 65 69
67 8 58
67 17 57
67 22 83
67 23 58
67 25 82
67 30 23
67 33 86
67 40 38
67 56 59
67 57 87
67 58 51
67 59 86
67 66 95
68 1 29
68 7 54
68 8 35
68 9 45
68 12 16
68 18 29
68 19 59
68 22 29
68 24 1
68 29 52
68 44 66
68 50 77
68 55 88
68 56 88
68 57 61
68 63 56
68 67 34
69 1 24
69 3 75
69 7 30
69 11 9
69 28 49
69 35 42
69 39 8
69 42 97
69 54 31
69 68 86
70 24 100
70 32 15
70 38 32
70 39 5
70 40 9
70 47 76
70 53 36
70 55 10
70 60 45
70 63 50
70 69 49
71 3 38
71 12 36
71 14 66
71 16 1
71 19 32
71 21 55
71 24 13
71 26 37
71 27 37
71 37 26
71 39 22
71 42 46
71 44 31
71 46 26
71 49 95
71 54 69
71 57 76
71 58 39
71 70 82
72 7 69
72 8 88
72 39 87
72 43 81
72 45 78
72 46 3
72 50 91
72 52 84
72 54 56
72 57 11
72 58 96
72 60 1
72 64 93
72 71 33
73 15 67
73 17 33
73 19 95
73 22 23
73 30 78
73 33 62
73 35 49
73 40 58
73 50 97
73 53 63
73 55 77
73 67 94
73 69 75
73 72 57
74 7 81
74 28 62
74 32 5
74 35 3
74 38 52
74 44 13
74 66 50
74 69 36
74 70 19
74 73 11
75 8 85
75 17 25
75 20 8
75 27 64
75 34 60
75 39 84
75 49 75
75 50 15
75 55 70
75 60 51
75 67 46
75 74 73
76 7 72
76 10 31
76 17 66
76 27 25
76 35 50
76 37 62
76 42 91
76 46 55
76 51 12
76 59 91
76 63 25
76 67 47
76 70 20
76 75 83
77 8 73
77 11 93
77 13 65
77 16 17
77 18 12
77 23 38
77 25 82
77 38 34
77 41 24
77 57 73
77 68 4
77 71 86
77 72 30
77 76 2
78 5 6
78 7 96
78 10 4
78 24 73
78 29 80
78 37 54
78 39 76
78 44 31
78 45 84
78 48 76
78 50 6
78 53 66
78 57 4
78 74 87
78 77 7
79 7 28
79 29 49
79 39 46
79 53 57
79 65 58
79 70 77
79 78 36
80 12 90
80 20 27
80 23 2
80 29 45
80 38 89
80 42 26
80 46 86
80 53 19
80 55 53
80 59 84
80 69 75
80 71 26
80 79 61
81 1 44
81 9 6
81 17 16
81 20 19
81 30 38
81 32 76
81 37 17
81 39 68
81 45 44
81 59 59
81 60 99
81 72 79
81 80 72
82 10 80
82 15 50
82 17 80
82 19 59
82 41 24
82 48 43
82 52 61
82 67 49
82 68 22
82 70 80
82 71 48
82 78 51
82 81 28
83 7 92
83 14 41
83 16 6
83 17 30
83 18 67
83 27 3
83 31 62
83 37 20
83 40 83
83 44 40
83 48 39
83 51 7
83 53 29
83 55 34
83 68 28
83 70 90
83 72 45
83 75 34
83 82 38
84 3 93
84 5 67
84 11 59
84 18 93
84 25 90
84 32 4
84 33 40
84 40 18
84 42 89
84 46 75
84 58 69
84 65 21
84 70 57
84 73 86
84 83 44
85 13 25
85 15 86
85 19 53
85 22 89
85 25 94
85 30 35
85 35 78
85 37 91
85 46 88
85 48 90
85 50 51
85 52 38
85 58 100
85 60 2
85 71 48
85 74 61
85 75 85
85 76 83
85 84 69
86 1 91
86 2 23
86 7 100
86 12 23
86 14 85
86 23 63
86 26 19
86 28 25
86 29 79
86 38 100
86 42 100
86 49 53
86 65 66
86 67 40
86 75 85
86 79 4
86 82 23
86 85 34
87 4 68
87 12 77
87 17 28
87 21 58
87 22 9
87 23 95
87 24 67
87 47 65
87 69 99
87 70 49
87 72 44
87 79 25
87 80 77
87 83 20
87 84 97
87 86 96
88 6 33
88 9 27
88 10 96
88 11 65
88 13 58
88 18 21
88 21 37
88 22 13
88 24 42
88 51 41
88 56 83
88 60 44
88 64 62
88 68 41
88 87 72
89 7 57
89 17 20
89 22 93
89 28 20
89 37 20
89 45 78
89 50 28
89 52 64
89 56 61
89 62 46
89 65 64
89 68 84
89 69 99
89 71 69
89 74 16
89 80 71
89 87 76
89 88 4
90 13 54
90 14 60
90 16 82
90 26 30
90 30 44
90 33 47
90 41 38
90 57 46
90 59 39
90 64 72
90 69 84
90 72 52
90 73 20
90 74 81
90 75 37
90 83 87
90 89 43
91 12 65
91 16 53
91 18 84
91 33 90
91 34 73
91 35 16
91 40 47
91 51 96
91 58 39
91 59 76
91 69 27
91 70 60
91 71 74
91 85 20
91 87 27
91 90 12
92 4 83
92 7 44
92 15 24
92 20 67
92 21 89
92 39 11
92 48 86
92 50 61
92 56 91
92 61 11
92 63 77
92 68 34
92 71 46
92 80 67
92 84 23
92 89 39
92 91 80
93 5 23
93 10 100
93 11 62
93 12 25
93 14 13
93 19 66
93 31 19
93 36 33
93 37 66
93 41 88
93 46 73
93 51 45
93 67 89
93 68 32
93 73 1
93 85 26
93 92 35
94 2 28
94 5 6
94 6 47
94 9 55
94 17 50
94 18 18
94 22 39
94 36 73
94 46 53
94 51 86
94 55 96
94 70 78
94 74 61
94 78 55
94 80 83
94 83 72
94 86 66
94 88 51
94 91 75
94 92 10
94 93 13
95 2 54
95 4 94
95 23 37
95 27 79
95 28 91
95 43 21
95 47 44
95 52 42
95 65 85
95 69 80
95 77 91
95 85 36
95 88 84
95 89 45
95 90 25
95 92 42
95 93 71
95 94 94
96 4 33
96 9 27
96 20 49
96 24 38
96 43 38
96 44 12
96 46 71
96 51 89
96 52 67
96 54 43
96 59 23
96 73 7
96 75 44
96 80 62
96 82 87
96 94 24
96 95 31
97 3 34
97 9 39
97 10 82
97 21 25
97 22 5
97 29 12
97 34 94
97 39 40
97 40 87
97 42 51
97 48 67
97 51 13
97 53 47
97 56 29
97 63 38
97 66 34
97 73 51
97 77 28
97 84 89
97 96 62
98 2 29
98 6 37
98 18 56
98 21 63
98 36 91
98 38 25
98 41 43
98 42 46
98 51 37
98 52 2
98 70 5
98 78 75
98 80 37
98 84 55
98 97 35
99 3 6
99 38 27
99 40 84
99 44 35
99 72 43
99 78 99
99 79 97
99 86 48
99 91 100
99 93 49
99 98 59
100 6 57
100 15 11
100 19 33
100 20 97
100 21 36
100 23 22
100 24 32
100 25 54
100 26 97
100 28 93
100 38 36
100 40 76
100 41 98
100 51 33
100 56 51
100 58 91
100 64 46
100 66 52
100 68 45
100 76 91
100 78 36
100 79 75
100 80 23
100 84 36
100 85 2
100 91 81
100 93 55
100 98 100
100 99 27

50 50 4949 1 2
2 1 100
3 1 53
3 2 17
4 1 89
4 2 14
4 3 91
5 1 86
5 2 61
5 3 98
5 4 68
6 1 33
6 2 39
6 3 62
6 4 50
6 5 7
7 1 16
7 2 36
7 3 29
7 4 51
7 5 64
7 6 22
8 1 13
8 2 41
8 3 71
8 4 20
8 5 8
8 6 74
8 7 76
9 1 20
9 2 77
9 3 54
9 4 5
9 5 15
9 6 51
9 7 48
9 8 21
10 1 99
10 2 4
10 3 50
10 4 7
10 5 61
10 6 14
10 7 61
10 8 32
10 9 93
11 1 75
11 2 14
11 3 28
11 4 67
11 5 50
11 6 10
11 7 64
11 8 77
11 9 92
11 10 66
12 1 48
12 2 54
12 3 23
12 4 7
12 5 46
12 6 41
12 7 98
12 8 7
12 9 39
12 10 69
12 11 48
13 1 42
13 2 37
13 3 22
13 4 18
13 5 97
13 6 57
13 7 66
13 8 32
13 9 97
13 10 87
13 11 25
13 12 59
14 1 16
14 2 82
14 3 52
14 4 74
14 5 18
14 6 81
14 7 70
14 8 53
14 9 18
14 10 53
14 11 9
14 12 8
14 13 85
15 1 82
15 2 86
15 3 59
15 4 73
15 5 66
15 6 45
15 7 94
15 8 74
15 9 85
15 10 33
15 11 52
15 12 48
15 13 8
15 14 32
16 1 10
16 2 48
16 3 84
16 4 64
16 5 86
16 6 14
16 7 65
16 8 88
16 9 46
16 10 66
16 11 36
16 12 88
16 13 85
16 14 35
16 15 30
17 1 91
17 2 40
17 3 5
17 4 49
17 5 75
17 6 73
17 7 76
17 8 54
17 9 88
17 10 30
17 11 70
17 12 67
17 13 56
17 14 9
17 15 49
17 16 83
18 1 80
18 2 90
18 3 70
18 4 31
18 5 92
18 6 49
18 7 33
18 8 27
18 9 64
18 10 22
18 11 54
18 12 40
18 13 25
18 14 12
18 15 18
18 16 60
18 17 6
19 1 45
19 2 42
19 3 44
19 4 55
19 5 46
19 6 34
19 7 69
19 8 48
19 9 31
19 10 65
19 11 87
19 12 95
19 13 83
19 14 9
19 15 14
19 16 23
19 17 19
19 18 63
20 1 37
20 2 78
20 3 89
20 4 46
20 5 89
20 6 11
20 7 44
20 8 14
20 9 22
20 10 28
20 11 70
20 12 36
20 13 61
20 14 81
20 15 43
20 16 12
20 17 7
20 18 56
20 19 90
21 1 27
21 2 56
21 3 90
21 4 76
21 5 54
21 6 28
21 7 13
21 8 69
21 9 42
21 10 87
21 11 48
21 12 45
21 13 86
21 14 23
21 15 19
21 16 45
21 17 66
21 18 94
21 19 13
21 20 24
22 1 79
22 2 88
22 3 21
22 4 92
22 5 9
22 6 43
22 7 87
22 8 62
22 9 65
22 10 8
22 11 6
22 12 81
22 13 32
22 14 20
22 15 85
22 16 43
22 17 24
22 18 49
22 19 83
22 20 25
22 21 71
23 1 26
23 2 30
23 3 12
23 4 35
23 5 91
23 6 88
23 7 71
23 8 30
23 9 49
23 10 11
23 11 60
23 12 52
23 13 38
23 14 46
23 15 35
23 16 43
23 17 23
23 18 18
23 19 20
23 20 76
23 21 5
23 22 43
24 1 18
24 2 88
24 3 35
24 4 70
24 5 98
24 6 12
24 7 99
24 8 75
24 9 74
24 10 24
24 11 95
24 12 35
24 13 15
24 14 77
24 15 31
24 16 10
24 17 86
24 18 13
24 19 8
24 20 71
24 21 74
24 22 21
24 23 83
25 1 56
25 2 44
25 3 97
25 4 87
25 5 4
25 6 79
25 7 94
25 8 74
25 9 28
25 10 4
25 11 86
25 12 12
25 13 35
25 14 87
25 15 62
25 16 77
25 17 54
25 18 85
25 19 3
25 20 50
25 21 87
25 22 49
25 23 82
25 24 97
26 1 49
26 2 56
26 3 21
26 4 23
26 5 96
26 6 8
26 7 4
26 8 84
26 9 63
26 10 1
26 11 57
26 12 47
26 13 77
26 14 99
26 15 13
26 16 26
26 17 88
26 18 32
26 19 43
26 20 60
26 21 35
26 22 53
26 23 80
26 24 2
26 25 81
27 1 81
27 2 88
27 3 9
27 4 40
27 5 8
27 6 88
27 7 36
27 8 31
27 9 33
27 10 63
27 11 91
27 12 100
27 13 100
27 14 47
27 15 95
27 16 87
27 17 87
27 18 81
27 19 45
27 20 49
27 21 23
27 22 80
27 23 67
27 24 92
27 25 64
27 26 70
28 1 6
28 2 28
28 3 88
28 4 77
28 5 7
28 6 92
28 7 31
28 8 84
28 9 12
28 10 67
28 11 79
28 12 61
28 13 85
28 14 18
28 15 91
28 16 66
28 17 59
28 18 95
28 19 12
28 20 71
28 21 86
28 22 35
28 23 93
28 24 96
28 25 72
28 26 69
28 27 73
29 1 10
29 2 60
29 3 46
29 4 25
29 5 43
29 6 18
29 7 39
29 8 66
29 9 93
29 10 56
29 11 14
29 12 38
29 13 40
29 14 61
29 15 14
29 16 20
29 17 95
29 18 16
29 19 8
29 20 52
29 21 34
29 22 95
29 23 52
29 24 59
29 25 96
29 26 64
29 27 52
29 28 16
30 1 62
30 2 30
30 3 17
30 4 44
30 5 16
30 6 7
30 7 2
30 8 33
30 9 34
30 10 44
30 11 35
30 12 25
30 13 67
30 14 33
30 15 95
30 16 2
30 17 87
30 18 25
30 19 3
30 20 63
30 21 5
30 22 88
30 23 69
30 24 80
30 25 52
30 26 90
30 27 97
30 28 96
30 29 52
31 1 16
31 2 27
31 3 33
31 4 39
31 5 63
31 6 32
31 7 10
31 8 30
31 9 49
31 10 39
31 11 85
31 12 100
31 13 69
31 14 17
31 15 37
31 16 25
31 17 55
31 18 19
31 19 30
31 20 100
31 21 46
31 22 92
31 23 40
31 24 19
31 25 10
31 26 52
31 27 88
31 28 50
31 29 25
31 30 37
32 1 49
32 2 41
32 3 32
32 4 93
32 5 96
32 6 52
32 7 90
32 8 47
32 9 73
32 10 38
32 11 91
32 12 84
32 13 99
32 14 22
32 15 69
32 16 25
32 17 37
32 18 65
32 19 53
32 20 98
32 21 77
32 22 22
32 23 37
32 24 56
32 25 13
32 26 40
32 27 92
32 28 42
32 29 85
32 30 99
32 31 56
33 1 23
33 2 45
33 3 28
33 4 85
33 5 1
33 6 48
33 7 10
33 8 44
33 9 80
33 10 59
33 11 97
33 12 57
33 13 10
33 14 91
33 15 38
33 16 68
33 17 96
33 18 70
33 19 73
33 20 93
33 21 26
33 22 100
33 23 78
33 24 88
33 25 96
33 26 26
33 27 54
33 28 33
33 29 20
33 30 74
33 31 16
33 32 75
34 1 96
34 2 81
34 3 46
34 4 41
34 5 96
34 6 38
34 7 38
34 8 60
34 9 60
34 10 23
34 11 10
34 12 27
34 13 63
34 14 49
34 15 73
34 16 5
34 17 65
34 18 64
34 19 4
34 20 20
34 21 3
34 22 36
34 23 36
34 24 5
34 25 58
34 26 90
34 27 10
34 28 46
34 29 38
34 30 28
34 31 52
34 32 10
34 33 78
35 1 71
35 2 71
35 3 58
35 4 40
35 5 69
35 6 71
35 7 81
35 8 14
35 9 28
35 10 99
35 11 67
35 12 85
35 13 50
35 14 74
35 15 59
35 16 63
35 17 94
35 18 82
35 19 73
35 20 37
35 21 94
35 22 54
35 23 99
35 24 67
35 25 77
35 26 47
35 27 97
35 28 15
35 29 38
35 30 67
35 31 21
35 32 38
35 33 48
35 34 55
36 1 61
36 2 5
36 3 79
36 4 98
36 5 33
36 6 40
36 7 60
36 8 48
36 9 3
36 10 64
36 11 55
36 12 88
36 13 32
36 14 41
36 15 90
36 16 63
36 17 15
36 18 9
36 19 49
36 20 59
36 21 38
36 22 35
36 23 92
36 24 86
36 25 99
36 26 74
36 27 24
36 28 78
36 29 54
36 30 65
36 31 26
36 32 91
36 33 83
36 34 15
36 35 30
37 1 67
37 2 27
37 3 26
37 4 83
37 5 68
37 6 11
37 7 91
37 8 49
37 9 97
37 10 82
37 11 69
37 12 7
37 13 26
37 14 48
37 15 19
37 16 2
37 17 96
37 18 98
37 19 80
37 20 90
37 21 66
37 22 38
37 23 88
37 24 37
37 25 44
37 26 22
37 27 53
37 28 8
37 29 28
37 30 11
37 31 22
37 32 12
37 33 22
37 34 85
37 35 33
37 36 83
38 1 47
38 2 70
38 3 2
38 4 84
38 5 5
38 6 85
38 7 21
38 8 4
38 9 39
38 10 51
38 11 84
38 12 79
38 13 48
38 14 7
38 15 63
38 16 36
38 17 48
38 18 99
38 19 43
38 20 22
38 21 25
38 22 61
38 23 89
38 24 39
38 25 57
38 26 39
38 27 60
38 28 97
38 29 54
38 30 18
38 31 12
38 32 62
38 33 89
38 34 58
38 35 35
38 36 31
38 37 52
39 1 95
39 2 64
39 3 80
39 4 52
39 5 13
39 6 67
39 7 92
39 8 38
39 9 31
39 10 29
39 11 96
39 12 30
39 13 38
39 14 93
39 15 94
39 16 3
39 17 32
39 18 64
39 19 25
39 20 67
39 21 8
39 22 15
39 23 67
39 24 62
39 25 15
39 26 100
39 27 94
39 28 85
39 29 19
39 30 31
39 31 33
39 32 22
39 33 20
39 34 60
39 35 32
39 36 13
39 37 65
39 38 70
40 1 28
40 2 66
40 3 39
40 4 95
40 5 76
40 6 71
40 7 48
40 8 30
40 9 56
40 10 31
40 11 62
40 12 2
40 13 91
40 14 8
40 15 89
40 16 100
40 17 79
40 18 34
40 19 54
40 20 70
40 21 86
40 22 40
40 23 96
40 24 24
40 25 4
40 26 26
40 27 43
40 28 67
40 29 86
40 30 100
40 31 77
40 32 18
40 33 77
40 34 45
40 35 70
40 36 7
40 37 79
40 38 35
40 39 38
41 1 24
41 2 56
41 3 43
41 4 56
41 5 38
41 6 90
41 7 41
41 8 12
41 9 48
41 10 100
41 11 39
41 12 93
41 13 12
41 14 36
41 15 96
41 16 83
41 17 83
41 18 13
41 19 39
41 20 81
41 21 74
41 22 17
41 23 2
41 24 23
41 25 13
41 26 79
41 27 13
41 28 41
41 29 22
41 30 28
41 31 44
41 32 32
41 33 35
41 34 23
41 35 33
41 36 47
41 37 59
41 38 32
41 39 58
41 40 2
42 1 61
42 2 45
42 3 5
42 4 7
42 5 97
42 6 97
42 7 2
42 8 44
42 9 99
42 10 32
42 11 71
42 12 13
42 13 3
42 14 76
42 15 95
42 16 57
42 17 25
42 18 69
42 19 35
42 20 74
42 21 14
42 22 3
42 23 3
42 24 97
42 25 48
42 26 41
42 27 18
42 28 11
42 29 60
42 30 82
42 31 38
42 32 24
42 33 71
42 34 77
42 35 96
42 36 22
42 37 14
42 38 12
42 39 27
42 40 89
42 41 77
43 1 31
43 2 25
43 3 40
43 4 82
43 5 63
43 6 99
43 7 85
43 8 94
43 9 79
43 10 61
43 11 89
43 12 17
43 13 25
43 14 90
43 15 70
43 16 50
43 17 52
43 18 20
43 19 70
43 20 18
43 21 8
43 22 88
43 23 17
43 24 18
43 25 70
43 26 47
43 27 91
43 28 16
43 29 24
43 30 83
43 31 4
43 32 80
43 33 43
43 34 98
43 35 8
43 36 68
43 37 49
43 38 7
43 39 60
43 40 61
43 41 46
43 42 5
44 1 23
44 2 77
44 3 73
44 4 24
44 5 77
44 6 61
44 7 30
44 8 18
44 9 75
44 10 3
44 11 9
44 12 62
44 13 78
44 14 36
44 15 16
44 16 35
44 17 29
44 18 17
44 19 89
44 20 35
44 21 1
44 22 66
44 23 20
44 24 91
44 25 86
44 26 34
44 27 45
44 28 24
44 29 63
44 30 83
44 31 34
44 32 52
44 33 43
44 34 7
44 35 16
44 36 71
44 37 17
44 38 32
44 39 83
44 40 83
44 41 46
44 42 38
44 43 74
45 1 48
45 2 89
45 3 59
45 4 51
45 5 64
45 6 21
45 7 30
45 8 66
45 9 84
45 10 8
45 11 11
45 12 30
45 13 36
45 14 74
45 15 58
45 16 53
45 17 74
45 18 69
45 19 38
45 20 5
45 21 98
45 22 61
45 23 68
45 24 83
45 25 79
45 26 46
45 27 98
45 28 23
45 29 94
45 30 47
45 31 51
45 32 59
45 33 19
45 34 57
45 35 34
45 36 65
45 37 13
45 38 9
45 39 96
45 40 76
45 41 72
45 42 80
45 43 34
45 44 62
46 1 86
46 2 53
46 3 3
46 4 31
46 5 26
46 6 53
46 7 44
46 8 63
46 9 47
46 10 88
46 11 89
46 12 55
46 13 18
46 14 46
46 15 10
46 16 67
46 17 72
46 18 22
46 19 76
46 20 2
46 21 48
46 22 29
46 23 41
46 24 42
46 25 97
46 26 24
46 27 22
46 28 81
46 29 87
46 30 50
46 31 17
46 32 23
46 33 67
46 34 6
46 35 49
46 36 39
46 37 22
46 38 32
46 39 26
46 40 82
46 41 25
46 42 31
46 43 39
46 44 97
46 45 98
47 1 49
47 2 69
47 3 19
47 4 35
47 5 13
47 6 25
47 7 15
47 8 36
47 9 76
47 10 57
47 11 25
47 12 45
47 13 4
47 14 95
47 15 50
47 16 82
47 17 89
47 18 58
47 19 39
47 20 11
47 21 98
47 22 71
47 23 39
47 24 78
47 25 1
47 26 94
47 27 14
47 28 89
47 29 21
47 30 27
47 31 98
47 32 71
47 33 84
47 34 75
47 35 94
47 36 53
47 37 39
47 38 3
47 39 78
47 40 55
47 41 97
47 42 99
47 43 45
47 44 63
47 45 32
47 46 96
48 1 98
48 2 78
48 3 94
48 4 53
48 5 2
48 6 14
48 7 88
48 8 29
48 9 15
48 10 46
48 11 82
48 12 98
48 13 67
48 14 92
48 15 14
48 16 74
48 17 23
48 18 98
48 19 80
48 20 82
48 21 56
48 22 80
48 23 8
48 24 82
48 25 51
48 26 22
48 27 74
48 28 4
48 29 26
48 30 94
48 31 49
48 32 8
48 33 9
48 34 85
48 35 31
48 36 40
48 37 6
48 38 65
48 39 94
48 40 46
48 41 33
48 42 27
48 43 26
48 44 48
48 45 10
48 46 100
48 47 26
49 1 87
49 2 85
49 3 7
49 4 17
49 5 59
49 6 93
49 7 54
49 8 15
49 9 77
49 10 53
49 11 81
49 12 36
49 13 93
49 14 27
49 15 52
49 16 30
49 17 19
49 18 86
49 19 95
49 20 58
49 21 1
49 22 69
49 23 99
49 24 90
49 25 93
49 26 11
49 27 41
49 28 11
49 29 27
49 30 65
49 31 39
49 32 89
49 33 77
49 34 37
49 35 61
49 36 60
49 37 27
49 38 9
49 39 64
49 40 66
49 41 25
49 42 9
49 43 49
49 44 93
49 45 16
49 46 5
49 47 34
49 48 86
50 1 2
50 2 68
50 3 15
50 4 46
50 5 2
50 6 7
50 7 51
50 8 52
50 9 61
50 10 3
50 11 40
50 12 78
50 13 77
50 14 25
50 15 76
50 16 46
50 17 16
50 18 19
50 19 48
50 20 4
50 21 57
50 22 85
50 23 29
50 24 84
50 25 55
50 26 59
50 27 41
50 28 98
50 29 34
50 30 60
50 31 32
50 32 35
50 33 72
50 34 41
50 35 87
50 36 14
50 37 8
50 38 65
50 39 56
50 40 97
50 41 49
50 42 35
50 43 100
50 44 63
50 45 86
50 46 51
50 47 40
50 48 100
50 49 63
51 1 67
51 2 87
51 3 11
51 4 29
51 5 59
51 6 78
51 7 96
51 8 76
51 9 42
51 10 81
51 11 85
51 12 60
51 13 57
51 14 45
51 15 69
51 16 62
51 17 84
51 18 75
51 19 18
51 20 13
51 21 26
51 22 79
51 23 52
51 24 66
51 25 16
51 26 87
51 27 78
51 28 83
51 29 21
51 30 65
51 31 3
51 32 97
51 33 58
51 34 69
51 35 96
51 36 62
51 37 18
51 38 11
51 39 73
51 40 94
51 41 75
51 42 3
51 43 50
51 44 16
51 45 47
51 46 27
51 47 37
51 48 26
51 49 13
51 50 30
52 1 8
52 2 58
52 3 19
52 4 9
52 5 1
52 6 28
52 7 29
52 8 31
52 9 86
52 10 47
52 11 78
52 12 85
52 13 72
52 14 13
52 15 65
52 16 67
52 17 95
52 18 63
52 19 78
52 20 27
52 21 85
52 22 39
52 23 72
52 24 66
52 25 77
52 26 52
52 27 6
52 28 19
52 29 62
52 30 38
52 31 3
52 32 68
52 33 82
52 34 83
52 35 29
52 36 26
52 37 19
52 38 68
52 39 62
52 40 76
52 41 26
52 42 16
52 43 49
52 44 70
52 45 65
52 46 70
52 47 86
52 48 74
52 49 35
52 50 95
52 51 61
53 1 87
53 2 72
53 3 72
53 4 34
53 5 79
53 6 51
53 7 97
53 8 80
53 9 42
53 10 27
53 11 33
53 12 94
53 13 42
53 14 72
53 15 33
53 16 57
53 17 35
53 18 24
53 19 36
53 20 97
53 21 24
53 22 4
53 23 40
53 24 12
53 25 22
53 26 72
53 27 32
53 28 16
53 29 91
53 30 55
53 31 75
53 32 54
53 33 10
53 34 18
53 35 36
53 36 21
53 37 61
53 38 12
53 39 42
53 40 42
53 41 18
53 42 64
53 43 68
53 44 35
53 45 45
53 46 84
53 47 22
53 48 45
53 49 89
53 50 1
53 51 83
53 52 19
54 1 16
54 2 42
54 3 32
54 4 47
54 5 39
54 6 1
54 7 99
54 8 86
54 9 98
54 10 65
54 11 79
54 12 43
54 13 73
54 14 12
54 15 11
54 16 44
54 17 22
54 18 13
54 19 37
54 20 28
54 21 25
54 22 22
54 23 33
54 24 29
54 25 32
54 26 79
54 27 66
54 28 61
54 29 100
54 30 31
54 31 74
54 32 20
54 33 69
54 34 43
54 35 12
54 36 66
54 37 78
54 38 85
54 39 47
54 40 77
54 41 8
54 42 11
54 43 29
54 44 75
54 45 59
54 46 10
54 47 24
54 48 71
54 49 100
54 50 90
54 51 54
54 52 63
54 53 74
55 1 3
55 2 24
55 3 35
55 4 68
55 5 23
55 6 59
55 7 18
55 8 7
55 9 23
55 10 25
55 11 65
55 12 77
55 13 18
55 14 86
55 15 18
55 16 85
55 17 45
55 18 64
55 19 25
55 20 37
55 21 95
55 22 10
55 23 17
55 24 69
55 25 99
55 26 50
55 27 80
55 28 7
55 29 20
55 30 2
55 31 36
55 32 29
55 33 83
55 34 19
55 35 33
55 36 77
55 37 37
55 38 38
55 39 98
55 40 55
55 41 98
55 42 93
55 43 19
55 44 30
55 45 73
55 46 24
55 47 5
55 48 58
55 49 72
55 50 7
55 51 82
55 52 81
55 53 51
55 54 80
56 1 47
56 2 73
56 3 49
56 4 40
56 5 28
56 6 27
56 7 55
56 8 100
56 9 15
56 10 17
56 11 78
56 12 36
56 13 98
56 14 10
56 15 32
56 16 84
56 17 9
56 18 24
56 19 7
56 20 25
56 21 52
56 22 27
56 23 39
56 24 63
56 25 82
56 26 77
56 27 97
56 28 15
56 29 97
56 30 98
56 31 6
56 32 25
56 33 82
56 34 39
56 35 96
56 36 59
56 37 65
56 38 23
56 39 40
56 40 62
56 41 12
56 42 41
56 43 94
56 44 65
56 45 45
56 46 27
56 47 24
56 48 37
56 49 34
56 50 44
56 51 20
56 52 52
56 53 57
56 54 38
56 55 10
57 1 66
57 2 80
57 3 88
57 4 15
57 5 55
57 6 25
57 7 44
57 8 45
57 9 32
57 10 67
57 11 3
57 12 79
57 13 3
57 14 86
57 15 73
57 16 45
57 17 29
57 18 49
57 19 85
57 20 73
57 21 14
57 22 46
57 23 31
57 24 27
57 25 2
57 26 49
57 27 16
57 28 3
57 29 34
57 30 60
57 31 32
57 32 42
57 33 100
57 34 52
57 35 75
57 36 5
57 37 11
57 38 99
57 39 22
57 40 62
57 41 83
57 42 47
57 43 41
57 44 55
57 45 39
57 46 17
57 47 71
57 48 76
57 49 31
57 50 75
57 51 6
57 52 2
57 53 14
57 54 14
57 55 61
57 56 63
58 1 33
58 2 27
58 3 21
58 4 28
58 5 78
58 6 98
58 7 27
58 8 8
58 9 47
58 10 35
58 11 88
58 12 74
58 13 43
58 14 97
58 15 83
58 16 89
58 17 87
58 18 66
58 19 16
58 20 51
58 21 92
58 22 57
58 23 73
58 24 27
58 25 7
58 26 50
58 27 97
58 28 45
58 29 58
58 30 89
58 31 2
58 32 57
58 33 10
58 34 59
58 35 56
58 36 13
58 37 41
58 38 66
58 39 81
58 40 69
58 41 20
58 42 89
58 43 70
58 44 56
58 45 47
58 46 17
58 47 87
58 48 32
58 49 34
58 50 1
58 51 8
58 52 81
58 53 2
58 54 28
58 55 82
58 56 22
58 57 25
59 1 23
59 2 53
59 3 38
59 4 5
59 5 84
59 6 59
59 7 98
59 8 86
59 9 16
59 10 52
59 11 18
59 12 46
59 13 99
59 14 80
59 15 100
59 16 54
59 17 28
59 18 82
59 19 19
59 20 28
59 21 23
59 22 10
59 23 58
59 24 11
59 25 92
59 26 43
59 27 95
59 28 72
59 29 46
59 30 3
59 31 14
59 32 84
59 33 64
59 34 8
59 35 56
59 36 87
59 37 99
59 38 7
59 39 75
59 40 6
59 41 88
59 42 25
59 43 89
59 44 82
59 45 31
59 46 17
59 47 38
59 48 26
59 49 67
59 50 42
59 51 29
59 52 4
59 53 30
59 54 51
59 55 96
59 56 98
59 57 69
59 58 75
60 1 84
60 2 21
60 3 88
60 4 66
60 5 30
60 6 39
60 7 96
60 8 62
60 9 39
60 10 30
60 11 81
60 12 57
60 13 98
60 14 17
60 15 89
60 16 41
60 17 3
60 18 73
60 19 62
60 20 90
60 21 89
60 22 78
60 23 16
60 24 53
60 25 100
60 26 97
60 27 5
60 28 17
60 29 84
60 30 49
60 31 31
60 32 45
60 33 59
60 34 57
60 35 16
60 36 41
60 37 54
60 38 33
60 39 52
60 40 67
60 41 47
60 42 93
60 43 40
60 44 79
60 45 5
60 46 66
60 47 4
60 48 63
60 49 4
60 50 44
60 51 45
60 52 46
60 53 80
60 54 8
60 55 2
60 56 69
60 57 73
60 58 87
60 59 83
61 1 39
61 2 38
61 3 79
61 4 2
61 5 73
61 6 26
61 7 55
61 8 49
61 9 49
61 10 46
61 11 2
61 12 36
61 13 1
61 14 79
61 15 34
61 16 25
61 17 82
61 18 61
61 19 98
61 20 2
61 21 91
61 22 55
61 23 84
61 24 8
61 25 58
61 26 27
61 27 58
61 28 22
61 29 68
61 30 2
61 31 21
61 32 54
61 33 89
61 34 53
61 35 57
61 36 53
61 37 31
61 38 11
61 39 69
61 40 64
61 41 47
61 42 14
61 43 84
61 44 55
61 45 50
61 46 91
61 47 44
61 48 82
61 49 14
61 50 29
61 51 15
61 52 63
61 53 6
61 54 51
61 55 56
61 56 48
61 57 93
61 58 17
61 59 92
61 60 76
62 1 18
62 2 56
62 3 100
62 4 62
62 5 14
62 6 100
62 7 5
62 8 58
62 9 17
62 10 22
62 11 79
62 12 96
62 13 12
62 14 11
62 15 55
62 16 26
62 17 55
62 18 96
62 19 44
62 20 76
62 21 61
62 22 19
62 23 7
62 24 19
62 25 2
62 26 98
62 27 3
62 28 65
62 29 13
62 30 93
62 31 48
62 32 66
62 33 36
62 34 31
62 35 75
62 36 12
62 37 20
62 38 34
62 39 70
62 40 29
62 41 69
62 42 26
62 43 32
62 44 77
62 45 56
62 46 93
62 47 86
62 48 79
62 49 69
62 50 96
62 51 48
62 52 46
62 53 4
62 54 46
62 55 3
62 56 24
62 57 5
62 58 56
62 59 23
62 60 40
62 61 16
63 1 84
63 2 96
63 3 60
63 4 9
63 5 82
63 6 34
63 7 63
63 8 29
63 9 59
63 10 47
63 11 10
63 12 48
63 13 60
63 14 59
63 15 52
63 16 6
63 17 88
63 18 5
63 19 29
63 20 61
63 21 19
63 22 30
63 23 14
63 24 45
63 25 20
63 26 22
63 27 93
63 28 5
63 29 89
63 30 47
63 31 5
63 32 3
63 33 93
63 34 52
63 35 34
63 36 31
63 37 30
63 38 92
63 39 27
63 40 9
63 41 64
63 42 7
63 43 92
63 44 8
63 45 27
63 46 30
63 47 68
63 48 7
63 49 80
63 50 83
63 51 79
63 52 49
63 53 35
63 54 81
63 55 78
63 56 78
63 57 95
63 58 2
63 59 23
63 60 19
63 61 22
63 62 44
64 1 89
64 2 34
64 3 65
64 4 48
64 5 57
64 6 44
64 7 75
64 8 17
64 9 49
64 10 1
64 11 74
64 12 22
64 13 77
64 14 6
64 15 8
64 16 18
64 17 19
64 18 4
64 19 8
64 20 67
64 21 89
64 22 48
64 23 60
64 24 18
64 25 35
64 26 10
64 27 29
64 28 89
64 29 52
64 30 84
64 31 51
64 32 67
64 33 4
64 34 43
64 35 48
64 36 68
64 37 71
64 38 14
64 39 79
64 40 92
64 41 43
64 42 82
64 43 62
64 44 24
64 45 22
64 46 45
64 47 91
64 48 63
64 49 97
64 50 77
64 51 29
64 52 87
64 53 50
64 54 91
64 55 68
64 56 99
64 57 10
64 58 86
64 59 51
64 60 58
64 61 64
64 62 29
64 63 47
65 1 99
65 2 81
65 3 86
65 4 99
65 5 66
65 6 13
65 7 6
65 8 52
65 9 96
65 10 79
65 11 9
65 12 37
65 13 15
65 14 14
65 15 66
65 16 59
65 17 49
65 18 68
65 19 79
65 20 32
65 21 35
65 22 4
65 23 16
65 24 60
65 25 37
65 26 71
65 27 70
65 28 51
65 29 53
65 30 53
65 31 24
65 32 76
65 33 32
65 34 5
65 35 96
65 36 73
65 37 97
65 38 10
65 39 71
65 40 77
65 41 14
65 42 27
65 43 56
65 44 12
65 45 67
65 46 44
65 47 45
65 48 4
65 49 9
65 50 56
65 51 39
65 52 71
65 53 17
65 54 99
65 55 94
65 56 6
65 57 19
65 58 21
65 59 95
65 60 87
65 61 42
65 62 73
65 63 65
65 64 33
66 1 85
66 2 91
66 3 82
66 4 71
66 5 42
66 6 28
66 7 99
66 8 74
66 9 74
66 10 39
66 11 38
66 12 18
66 13 20
66 14 71
66 15 18
66 16 23
66 17 33
66 18 13
66 19 21
66 20 84
66 21 10
66 22 28
66 23 73
66 24 1
66 25 9
66 26 97
66 27 63
66 28 38
66 29 73
66 30 51
66 31 13
66 32 57
66 33 75
66 34 84
66 35 98
66 36 36
66 37 70
66 38 91
66 39 12
66 40 2
66 41 28
66 42 57
66 43 50
66 44 60
66 45 66
66 46 7
66 47 90
66 48 42
66 49 46
66 50 35
66 51 33
66 52 37
66 53 20
66 54 16
66 55 72
66 56 25
66 57 7
66 58 76
66 59 1
66 60 89
66 61 87
66 62 42
66 63 56
66 64 84
66 65 69
67 1 23
67 2 11
67 3 38
67 4 29
67 5 17
67 6 95
67 7 26
67 8 81
67 9 20
67 10 38
67 11 43
67 12 28
67 13 89
67 14 55
67 15 14
67 16 63
67 17 24
67 18 14
67 19 92
67 20 71
67 21 77
67 22 56
67 23 7
67 24 65
67 25 83
67 26 8
67 27 21
67 28 14
67 29 11
67 30 84
67 31 84
67 32 46
67 33 59
67 34 44
67 35 48
67 36 20
67 37 55
67 38 15
67 39 48
67 40 54
67 41 7
67 42 23
67 43 69
67 44 58
67 45 60
67 46 95
67 47 76
67 48 54
67 49 91
67 50 71
67 51 18
67 52 76
67 53 43
67 54 71
67 55 55
67 56 97
67 57 50
67 58 12
67 59 3
67 60 4
67 61 50
67 62 100
67 63 50
67 64 14
67 65 95
67 66 85
68 1 87
68 2 68
68 3 70
68 4 67
68 5 37
68 6 12
68 7 50
68 8 39
68 9 75
68 10 94
68 11 38
68 12 61
68 13 76
68 14 99
68 15 91
68 16 91
68 17 43
68 18 2
68 19 90
68 20 58
68 21 50
68 22 69
68 23 35
68 24 1
68 25 48
68 26 51
68 27 95
68 28 40
68 29 13
68 30 80
68 31 2
68 32 85
68 33 54
68 34 94
68 35 7
68 36 8
68 37 95
68 38 24
68 39 93
68 40 64
68 41 29
68 42 21
68 43 20
68 44 48
68 45 99
68 46 27
68 47 10
68 48 15
68 49 55
68 50 18
68 51 85
68 52 18
68 53 11
68 54 90
68 55 31
68 56 74
68 57 55
68 58 38
68 59 42
68 60 79
68 61 91
68 62 9
68 63 74
68 64 17
68 65 89
68 66 22
68 67 62
69 1 22
69 2 33
69 3 99
69 4 65
69 5 83
69 6 37
69 7 84
69 8 13
69 9 91
69 10 15
69 11 9
69 12 49
69 13 9
69 14 67
69 15 39
69 16 72
69 17 19
69 18 19
69 19 23
69 20 75
69 21 83
69 22 74
69 23 97
69 24 42
69 25 39
69 26 5
69 27 87
69 28 95
69 29 85
69 30 42
69 31 85
69 32 8
69 33 27
69 34 74
69 35 30
69 36 100
69 37 48
69 38 2
69 39 30
69 40 4
69 41 83
69 42 18
69 43 96
69 44 3
69 45 88
69 46 98
69 47 20
69 48 3
69 49 94
69 50 57
69 51 80
69 52 62
69 53 5
69 54 59
69 55 50
69 56 15
69 57 50
69 58 28
69 59 89
69 60 96
69 61 74
69 62 32
69 63 20
69 64 7
69 65 13
69 66 93
69 67 48
69 68 73
70 1 5
70 2 36
70 3 100
70 4 27
70 5 41
70 6 89
70 7 65
70 8 54
70 9 32
70 10 82
70 11 48
70 12 92
70 13 8
70 14 37
70 15 21
70 16 92
70 17 57
70 18 68
70 19 31
70 20 3
70 21 50
70 22 36
70 23 72
70 24 65
70 25 19
70 26 3
70 27 32
70 28 48
70 29 19
70 30 89
70 31 34
70 32 14
70 33 98
70 34 49
70 35 64
70 36 63
70 37 91
70 38 8
70 39 93
70 40 69
70 41 82
70 42 68
70 43 35
70 44 36
70 45 90
70 46 35
70 47 69
70 48 70
70 49 67
70 50 90
70 51 18
70 52 87
70 53 17
70 54 32
70 55 97
70 56 82
70 57 56
70 58 37
70 59 12
70 60 85
70 61 81
70 62 70
70 63 62
70 64 72
70 65 9
70 66 44
70 67 79
70 68 66
70 69 87
71 1 85
71 2 100
71 3 59
71 4 97
71 5 12
71 6 4
71 7 69
71 8 22
71 9 63
71 10 79
71 11 20
71 12 40
71 13 9
71 14 90
71 15 11
71 16 72
71 17 73
71 18 16
71 19 18
71 20 68
71 21 50
71 22 72
71 23 68
71 24 65
71 25 43
71 26 26
71 27 88
71 28 42
71 29 54
71 30 91
71 31 28
71 32 21
71 33 5
71 34 92
71 35 46
71 36 87
71 37 51
71 38 65
71 39 82
71 40 32
71 41 13
71 42 80
71 43 78
71 44 20
71 45 58
71 46 14
71 47 21
71 48 19
71 49 47
71 50 34
71 51 45
71 52 96
71 53 79
71 54 43
71 55 36
71 56 61
71 57 81
71 58 21
71 59 55
71 60 54
71 61 91
71 62 34
71 63 92
71 64 38
71 65 81
71 66 72
71 67 4
71 68 39
71 69 8
71 70 67
72 1 12
72 2 51
72 3 62
72 4 65
72 5 94
72 6 2
72 7 99
72 8 23
72 9 21
72 10 54
72 11 79
72 12 84
72 13 32
72 14 14
72 15 63
72 16 77
72 17 33
72 18 95
72 19 91
72 20 21
72 21 59
72 22 81
72 23 96
72 24 98
72 25 67
72 26 93
72 27 14
72 28 15
72 29 89
72 30 8
72 31 35
72 32 90
72 33 39
72 34 9
72 35 89
72 36 54
72 37 25
72 38 62
72 39 57
72 40 54
72 41 2
72 42 54
72 43 80
72 44 53
72 45 48
72 46 15
72 47 61
72 48 59
72 49 51
72 50 15
72 51 84
72 52 9
72 53 80
72 54 27
72 55 77
72 56 3
72 57 12
72 58 59
72 59 92
72 60 95
72 61 5
72 62 65
72 63 38
72 64 55
72 65 100
72 66 89
72 67 81
72 68 76
72 69 82
72 70 14
72 71 90
73 1 26
73 2 83
73 3 36
73 4 30
73 5 22
73 6 97
73 7 39
73 8 97
73 9 91
73 10 26
73 11 65
73 12 17
73 13 43
73 14 33
73 15 99
73 16 15
73 17 11
73 18 6
73 19 74
73 20 7
73 21 56
73 22 83
73 23 24
73 24 80
73 25 43
73 26 89
73 27 56
73 28 54
73 29 98
73 30 90
73 31 61
73 32 62
73 33 71
73 34 22
73 35 23
73 36 88
73 37 39
73 38 3
73 39 72
73 40 71
73 41 54
73 42 96
73 43 51
73 44 95
73 45 54
73 46 64
73 47 57
73 48 69
73 49 24
73 50 81
73 51 20
73 52 53
73 53 75
73 54 92
73 55 53
73 56 90
73 57 27
73 58 58
73 59 88
73 60 31
73 61 20
73 62 53
73 63 3
73 64 46
73 65 60
73 66 15
73 67 81
73 68 39
73 69 34
73 70 71
73 71 67
73 72 52
74 1 98
74 2 8
74 3 59
74 4 92
74 5 27
74 6 45
74 7 17
74 8 25
74 9 10
74 10 26
74 11 100
74 12 71
74 13 95
74 14 24
74 15 25
74 16 61
74 17 27
74 18 75
74 19 58
74 20 16
74 21 38
74 22 46
74 23 32
74 24 90
74 25 86
74 26 23
74 27 41
74 28 5
74 29 55
74 30 1
74 31 87
74 32 76
74 33 77
74 34 53
74 35 24
74 36 35
74 37 55
74 38 62
74 39 35
74 40 81
74 41 99
74 42 57
74 43 2
74 44 60
74 45 95
74 46 29
74 47 16
74 48 4
74 49 7
74 50 44
74 51 61
74 52 48
74 53 10
74 54 4
74 55 46
74 56 56
74 57 90
74 58 76
74 59 77
74 60 93
74 61 78
74 62 51
74 63 86
74 64 32
74 65 49
74 66 39
74 67 7
74 68 35
74 69 47
74 70 45
74 71 21
74 72 66
74 73 5
75 1 45
75 2 37
75 3 51
75 4 63
75 5 72
75 6 4
75 7 7
75 8 27
75 9 88
75 10 76
75 11 3
75 12 32
75 13 98
75 14 26
75 15 6
75 16 38
75 17 65
75 18 64
75 19 95
75 20 88
75 21 23
75 22 49
75 23 86
75 24 86
75 25 45
75 26 34
75 27 26
75 28 49
75 29 84
75 30 98
75 31 13
75 32 39
75 33 48
75 34 41
75 35 93
75 36 29
75 37 95
75 38 70
75 39 57
75 40 23
75 41 18
75 42 86
75 43 14
75 44 9
75 45 29
75 46 100
75 47 9
75 48 58
75 49 56
75 50 31
75 51 91
75 52 67
75 53 14
75 54 49
75 55 42
75 56 39
75 57 56
75 58 58
75 59 80
75 60 85
75 61 100
75 62 56
75 63 75
75 64 26
75 65 41
75 66 9
75 67 93
75 68 39
75 69 51
75 70 14
75 71 51
75 72 41
75 73 74
75 74 34
76 1 46
76 2 86
76 3 71
76 4 89
76 5 31
76 6 51
76 7 73
76 8 67
76 9 87
76 10 40
76 11 45
76 12 85
76 13 98
76 14 42
76 15 1
76 16 73
76 17 5
76 18 20
76 19 77
76 20 50
76 21 62
76 22 22
76 23 95
76 24 28
76 25 41
76 26 7
76 27 82
76 28 18
76 29 56
76 30 45
76 31 4
76 32 85
76 33 41
76 34 55
76 35 68
76 36 69
76 37 22
76 38 15
76 39 72
76 40 97
76 41 23
76 42 9
76 43 28
76 44 23
76 45 90
76 46 46
76 47 27
76 48 13
76 49 74
76 50 26
76 51 79
76 52 37
76 53 42
76 54 61
76 55 71
76 56 23
76 57 31
76 58 83
76 59 31
76 60 19
76 61 41
76 62 98
76 63 89
76 64 13
76 65 87
76 66 20
76 67 52
76 68 36
76 69 93
76 70 85
76 71 17
76 72 40
76 73 66
76 74 35
76 75 95
77 1 43
77 2 14
77 3 20
77 4 53
77 5 56
77 6 60
77 7 87
77 8 100
77 9 98
77 10 92
77 11 44
77 12 6
77 13 13
77 14 38
77 15 81
77 16 92
77 17 21
77 18 57
77 19 6
77 20 82
77 21 50
77 22 92
77 23 76
77 24 46
77 25 40
77 26 27
77 27 22
77 28 66
77 29 46
77 30 14
77 31 45
77 32 14
77 33 67
77 34 22
77 35 16
77 36 57
77 37 15
77 38 76
77 39 23
77 40 23
77 41 49
77 42 9
77 43 100
77 44 78
77 45 75
77 46 7
77 47 36
77 48 84
77 49 32
77 50 50
77 51 70
77 52 43
77 53 2
77 54 73
77 55 50
77 56 6
77 57 44
77 58 44
77 59 63
77 60 28
77 61 95
77 62 97
77 63 96
77 64 49
77 65 83
77 66 76
77 67 59
77 68 3
77 69 22
77 70 85
77 71 44
77 72 96
77 73 86
77 74 72
77 75 26
77 76 77
78 1 75
78 2 86
78 3 46
78 4 50
78 5 90
78 6 59
78 7 67
78 8 42
78 9 28
78 10 47
78 11 85
78 12 25
78 13 47
78 14 54
78 15 47
78 16 95
78 17 32
78 18 56
78 19 4
78 20 84
78 21 91
78 22 75
78 23 98
78 24 61
78 25 28
78 26 83
78 27 63
78 28 58
78 29 37
78 30 4
78 31 24
78 32 82
78 33 44
78 34 29
78 35 72
78 36 83
78 37 26
78 38 24
78 39 17
78 40 73
78 41 72
78 42 1
78 43 42
78 44 45
78 45 96
78 46 69
78 47 16
78 48 52
78 49 16
78 50 38
78 51 48
78 52 69
78 53 58
78 54 70
78 55 80
78 56 86
78 57 73
78 58 63
78 59 8
78 60 42
78 61 83
78 62 10
78 63 83
78 64 27
78 65 26
78 66 79
78 67 34
78 68 24
78 69 87
78 70 67
78 71 57
78 72 6
78 73 50
78 74 18
78 75 34
78 76 18
78 77 99
79 1 57
79 2 5
79 3 77
79 4 82
79 5 41
79 6 91
79 7 25
79 8 59
79 9 39
79 10 2
79 11 23
79 12 62
79 13 90
79 14 45
79 15 58
79 16 91
79 17 9
79 18 41
79 19 11
79 20 94
79 21 94
79 22 95
79 23 60
79 24 38
79 25 52
79 26 5
79 27 41
79 28 26
79 29 28
79 30 34
79 31 53
79 32 24
79 33 22
79 34 63
79 35 87
79 36 81
79 37 20
79 38 1
79 39 82
79 40 39
79 41 67
79 42 43
79 43 46
79 44 81
79 45 71
79 46 10
79 47 28
79 48 4
79 49 63
79 50 24
79 51 61
79 52 99
79 53 36
79 54 75
79 55 62
79 56 1
79 57 34
79 58 32
79 59 85
79 60 46
79 61 28
79 62 55
79 63 50
79 64 20
79 65 13
79 66 99
79 67 30
79 68 67
79 69 92
79 70 75
79 71 64
79 72 57
79 73 74
79 74 44
79 75 11
79 76 20
79 77 69
79 78 5
80 1 74
80 2 71
80 3 7
80 4 11
80 5 74
80 6 30
80 7 26
80 8 46
80 9 3
80 10 25
80 11 94
80 12 75
80 13 7
80 14 89
80 15 92
80 16 73
80 17 86
80 18 62
80 19 14
80 20 18
80 21 76
80 22 49
80 23 3
80 24 40
80 25 41
80 26 39
80 27 62
80 28 47
80 29 64
80 30 76
80 31 4
80 32 56
80 33 91
80 34 33
80 35 82
80 36 48
80 37 95
80 38 1
80 39 70
80 40 88
80 41 84
80 42 45
80 43 10
80 44 77
80 45 75
80 46 39
80 47 90
80 48 88
80 49 52
80 50 55
80 51 74
80 52 14
80 53 9
80 54 67
80 55 28
80 56 79
80 57 97
80 58 16
80 59 84
80 60 44
80 61 72
80 62 56
80 63 85
80 64 67
80 65 95
80 66 42
80 67 6
80 68 70
80 69 25
80 70 50
80 71 82
80 72 54
80 73 70
80 74 56
80 75 88
80 76 61
80 77 4
80 78 36
80 79 34
81 1 74
81 2 78
81 3 6
81 4 33
81 5 5
81 6 83
81 7 52
81 8 37
81 9 81
81 10 62
81 11 54
81 12 89
81 13 27
81 14 16
81 15 23
81 16 12
81 17 91
81 18 97
81 19 14
81 20 27
81 21 46
81 22 14
81 23 14
81 24 6
81 25 71
81 26 81
81 27 48
81 28 19
81 29 91
81 30 45
81 31 94
81 32 84
81 33 9
81 34 19
81 35 12
81 36 5
81 37 37
81 38 33
81 39 73
81 40 46
81 41 71
81 42 51
81 43 94
81 44 11
81 45 2
81 46 42
81 47 97
81 48 17
81 49 35
81 50 49
81 51 25
81 52 3
81 53 46
81 54 31
81 55 51
81 56 69
81 57 62
81 58 88
81 59 88
81 60 86
81 61 51
81 62 58
81 63 19
81 64 17
81 65 33
81 66 84
81 67 62
81 68 26
81 69 99
81 70 91
81 71 54
81 72 28
81 73 5
81 74 62
81 75 73
81 76 61
81 77 70
81 78 95
81 79 26
81 80 69
82 1 81
82 2 3
82 3 7
82 4 53
82 5 18
82 6 87
82 7 91
82 8 20
82 9 72
82 10 21
82 11 99
82 12 51
82 13 37
82 14 68
82 15 94
82 16 72
82 17 58
82 18 79
82 19 89
82 20 49
82 21 39
82 22 90
82 23 89
82 24 49
82 25 37
82 26 85
82 27 70
82 28 73
82 29 54
82 30 88
82 31 88
82 32 36
82 33 90
82 34 75
82 35 52
82 36 17
82 37 3
82 38 7
82 39 7
82 40 53
82 41 88
82 42 62
82 43 19
82 44 28
82 45 76
82 46 93
82 47 100
82 48 77
82 49 58
82 50 12
82 51 44
82 52 99
82 53 34
82 54 63
82 55 47
82 56 92
82 57 99
82 58 4
82 59 50
82 60 82
82 61 75
82 62 59
82 63 77
82 64 52
82 65 97
82 66 75
82 67 41
82 68 95
82 69 15
82 70 69
82 71 50
82 72 26
82 73 75
82 74 34
82 75 36
82 76 76
82 77 82
82 78 66
82 79 83
82 80 55
82 81 85
83 1 17
83 2 11
83 3 96
83 4 97
83 5 87
83 6 78
83 7 90
83 8 84
83 9 18
83 10 86
83 11 88
83 12 38
83 13 77
83 14 94
83 15 99
83 16 81
83 17 88
83 18 66
83 19 77
83 20 80
83 21 33
83 22 6
83 23 83
83 24 56
83 25 43
83 26 5
83 27 59
83 28 92
83 29 54
83 30 9
83 31 36
83 32 91
83 33 39
83 34 61
83 35 32
83 36 94
83 37 59
83 38 20
83 39 59
83 40 68
83 41 43
83 42 75
83 43 72
83 44 51
83 45 23
83 46 56
83 47 66
83 48 47
83 49 95
83 50 63
83 51 45
83 52 51
83 53 76
83 54 70
83 55 17
83 56 100
83 57 13
83 58 31
83 59 100
83 60 79
83 61 66
83 62 82
83 63 70
83 64 44
83 65 22
83 66 90
83 67 47
83 68 30
83 69 36
83 70 14
83 71 1
83 72 31
83 73 57
83 74 20
83 75 34
83 76 32
83 77 61
83 78 22
83 79 26
83 80 9
83 81 72
83 82 18
84 1 57
84 2 36
84 3 92
84 4 18
84 5 61
84 6 80
84 7 99
84 8 67
84 9 63
84 10 50
84 11 28
84 12 47
84 13 77
84 14 92
84 15 79
84 16 96
84 17 79
84 18 45
84 19 4
84 20 97
84 21 82
84 22 98
84 23 67
84 24 53
84 25 97
84 26 100
84 27 75
84 28 100
84 29 31
84 30 18
84 31 66
84 32 48
84 33 89
84 34 83
84 35 12
84 36 36
84 37 43
84 38 33
84 39 39
84 40 19
84 41 79
84 42 60
84 43 80
84 44 87
84 45 7
84 46 93
84 47 22
84 48 68
84 49 94
84 50 22
84 51 19
84 52 79
84 53 25
84 54 6
84 55 51
84 56 45
84 57 8
84 58 64
84 59 87
84 60 66
84 61 15
84 62 97
84 63 16
84 64 50
84 65 2
84 66 52
84 67 100
84 68 94
84 69 11
84 70 56
84 71 46
84 72 53
84 73 27
84 74 78
84 75 17
84 76 77
84 77 90
84 78 21
84 79 78
84 80 47
84 81 4
84 82 7
84 83 65
85 1 26
85 2 36
85 3 24
85 4 61
85 5 59
85 6 60
85 7 88
85 8 57
85 9 7
85 10 69
85 11 69
85 12 48
85 13 91
85 14 79
85 15 57
85 16 10
85 17 70
85 18 89
85 19 48
85 20 33
85 21 92
85 22 57
85 23 97
85 24 29
85 25 26
85 26 3
85 27 99
85 28 56
85 29 95
85 30 83
85 31 65
85 32 94
85 33 84
85 34 1
85 35 59
85 36 8
85 37 62
85 38 41
85 39 58
85 40 89
85 41 65
85 42 56
85 43 50
85 44 15
85 45 23
85 46 5
85 47 32
85 48 69
85 49 27
85 50 29
85 51 61
85 52 66
85 53 64
85 54 12
85 55 42
85 56 36
85 57 3
85 58 81
85 59 26
85 60 69
85 61 52
85 62 100
85 63 45
85 64 35
85 65 86
85 66 7
85 67 48
85 68 96
85 69 48
85 70 8
85 71 38
85 72 9
85 73 35
85 74 60
85 75 39
85 76 36
85 77 9
85 78 47
85 79 36
85 80 15
85 81 7
85 82 66
85 83 93
85 84 17
86 1 91
86 2 69
86 3 74
86 4 73
86 5 55
86 6 68
86 7 46
86 8 71
86 9 90
86 10 70
86 11 52
86 12 75
86 13 86
86 14 64
86 15 58
86 16 22
86 17 51
86 18 23
86 19 2
86 20 47
86 21 32
86 22 45
86 23 76
86 24 97
86 25 65
86 26 64
86 27 85
86 28 96
86 29 72
86 30 51
86 31 22
86 32 96
86 33 71
86 34 62
86 35 8
86 36 18
86 37 24
86 38 55
86 39 90
86 40 28
86 41 34
86 42 64
86 43 25
86 44 77
86 45 38
86 46 95
86 47 33
86 48 30
86 49 55
86 50 80
86 51 5
86 52 5
86 53 18
86 54 95
86 55 86
86 56 89
86 57 93
86 58 16
86 59 86
86 60 64
86 61 85
86 62 96
86 63 77
86 64 83
86 65 37
86 66 48
86 67 63
86 68 27
86 69 35
86 70 72
86 71 18
86 72 30
86 73 3
86 74 5
86 75 68
86 76 67
86 77 12
86 78 84
86 79 2
86 80 37
86 81 65
86 82 30
86 83 7
86 84 30
86 85 15
87 1 11
87 2 20
87 3 71
87 4 85
87 5 63
87 6 55
87 7 21
87 8 27
87 9 98
87 10 72
87 11 94
87 12 23
87 13 71
87 14 8
87 15 6
87 16 33
87 17 35
87 18 63
87 19 93
87 20 92
87 21 90
87 22 13
87 23 9
87 24 7
87 25 73
87 26 65
87 27 30
87 28 44
87 29 21
87 30 65
87 31 94
87 32 96
87 33 6
87 34 29
87 35 2
87 36 34
87 37 1
87 38 4
87 39 80
87 40 75
87 41 44
87 42 81
87 43 41
87 44 39
87 45 83
87 46 57
87 47 39
87 48 84
87 49 63
87 50 75
87 51 89
87 52 50
87 53 45
87 54 23
87 55 26
87 56 29
87 57 8
87 58 53
87 59 75
87 60 10
87 61 96
87 62 27
87 63 80
87 64 32
87 65 34
87 66 98
87 67 20
87 68 79
87 69 84
87 70 76
87 71 32
87 72 63
87 73 92
87 74 90
87 75 79
87 76 1
87 77 75
87 78 18
87 79 14
87 80 10
87 81 74
87 82 52
87 83 45
87 84 5
87 85 10
87 86 67
88 1 15
88 2 69
88 3 12
88 4 20
88 5 34
88 6 23
88 7 22
88 8 28
88 9 39
88 10 26
88 11 49
88 12 99
88 13 21
88 14 32
88 15 31
88 16 29
88 17 91
88 18 83
88 19 97
88 20 4
88 21 20
88 22 78
88 23 94
88 24 96
88 25 92
88 26 63
88 27 49
88 28 54
88 29 10
88 30 19
88 31 48
88 32 71
88 33 83
88 34 26
88 35 4
88 36 71
88 37 88
88 38 38
88 39 72
88 40 23
88 41 67
88 42 62
88 43 43
88 44 24
88 45 99
88 46 95
88 47 8
88 48 32
88 49 49
88 50 89
88 51 21
88 52 76
88 53 15
88 54 93
88 55 13
88 56 29
88 57 19
88 58 5
88 59 52
88 60 65
88 61 15
88 62 72
88 63 58
88 64 63
88 65 87
88 66 8
88 67 32
88 68 16
88 69 64
88 70 9
88 71 46
88 72 91
88 73 22
88 74 77
88 75 60
88 76 70
88 77 38
88 78 10
88 79 80
88 80 25
88 81 56
88 82 62
88 83 56
88 84 33
88 85 30
88 86 94
88 87 97
89 1 51
89 2 92
89 3 1
89 4 16
89 5 37
89 6 67
89 7 56
89 8 59
89 9 83
89 10 27
89 11 65
89 12 22
89 13 64
89 14 80
89 15 45
89 16 4
89 17 86
89 18 44
89 19 46
89 20 100
89 21 34
89 22 90
89 23 14
89 24 33
89 25 94
89 26 96
89 27 43
89 28 62
89 29 25
89 30 86
89 31 67
89 32 11
89 33 97
89 34 71
89 35 76
89 36 17
89 37 43
89 38 56
89 39 76
89 40 86
89 41 71
89 42 63
89 43 74
89 44 78
89 45 5
89 46 44
89 47 69
89 48 32
89 49 87
89 50 66
89 51 48
89 52 13
89 53 93
89 54 43
89 55 3
89 56 86
89 57 17
89 58 82
89 59 58
89 60 3
89 61 38
89 62 8
89 63 97
89 64 27
89 65 11
89 66 5
89 67 68
89 68 80
89 69 3
89 70 14
89 71 39
89 72 74
89 73 21
89 74 68
89 75 23
89 76 26
89 77 27
89 78 60
89 79 96
89 80 43
89 81 68
89 82 2
89 83 44
89 84 95
89 85 69
89 86 35
89 87 58
89 88 74
90 1 72
90 2 50
90 3 12
90 4 90
90 5 53
90 6 11
90 7 91
90 8 56
90 9 2
90 10 84
90 11 89
90 12 98
90 13 56
90 14 38
90 15 57
90 16 68
90 17 57
90 18 23
90 19 14
90 20 55
90 21 93
90 22 64
90 23 10
90 24 6
90 25 42
90 26 39
90 27 10
90 28 49
90 29 14
90 30 61
90 31 2
90 32 40
90 33 89
90 34 1
90 35 86
90 36 2
90 37 99
90 38 8
90 39 2
90 40 1
90 41 37
90 42 99
90 43 8
90 44 21
90 45 28
90 46 98
90 47 81
90 48 93
90 49 3
90 50 81
90 51 68
90 52 94
90 53 69
90 54 45
90 55 45
90 56 56
90 57 96
90 58 93
90 59 85
90 60 65
90 61 71
90 62 44
90 63 29
90 64 12
90 65 89
90 66 44
90 67 19
90 68 66
90 69 43
90 70 92
90 71 50
90 72 1
90 73 94
90 74 42
90 75 37
90 76 72
90 77 45
90 78 57
90 79 43
90 80 87
90 81 10
90 82 26
90 83 43
90 84 35
90 85 98
90 86 8
90 87 89
90 88 32
90 89 49
91 1 98
91 2 50
91 3 1
91 4 99
91 5 44
91 6 100
91 7 83
91 8 65
91 9 76
91 10 59
91 11 80
91 12 6
91 13 98
91 14 49
91 15 79
91 16 49
91 17 100
91 18 22
91 19 69
91 20 94
91 21 47
91 22 5
91 23 20
91 24 100
91 25 80
91 26 90
91 27 69
91 28 7
91 29 25
91 30 34
91 31 82
91 32 89
91 33 65
91 34 22
91 35 63
91 36 79
91 37 57
91 38 22
91 39 45
91 40 19
91 41 6
91 42 13
91 43 85
91 44 76
91 45 12
91 46 25
91 47 99
91 48 66
91 49 70
91 50 79
91 51 49
91 52 53
91 53 96
91 54 60
91 55 68
91 56 47
91 57 60
91 58 50
91 59 78
91 60 85
91 61 51
91 62 36
91 63 21
91 64 78
91 65 89
91 66 46
91 67 82
91 68 88
91 69 75
91 70 14
91 71 86
91 72 59
91 73 20
91 74 56
91 75 5
91 76 47
91 77 30
91 78 98
91 79 35
91 80 61
91 81 53
91 82 57
91 83 63
91 84 21
91 85 7
91 86 95
91 87 84
91 88 98
91 89 94
91 90 11
92 1 36
92 2 17
92 3 90
92 4 4
92 5 7
92 6 60
92 7 94
92 8 80
92 9 74
92 10 6
92 11 59
92 12 45
92 13 99
92 14 38
92 15 83
92 16 5
92 17 98
92 18 19
92 19 10
92 20 49
92 21 24
92 22 15
92 23 32
92 24 8
92 25 68
92 26 46
92 27 49
92 28 92
92 29 86
92 30 60
92 31 50
92 32 9
92 33 84
92 34 2
92 35 32
92 36 49
92 37 77
92 38 83
92 39 61
92 40 54
92 41 31
92 42 87
92 43 34
92 44 95
92 45 35
92 46 23
92 47 21
92 48 18
92 49 75
92 50 1
92 51 57
92 52 7
92 53 47
92 54 76
92 55 66
92 56 71
92 57 3
92 58 98
92 59 8
92 60 13
92 61 55
92 62 53
92 63 30
92 64 82
92 65 100
92 66 44
92 67 62
92 68 7
92 69 57
92 70 93
92 71 3
92 72 8
92 73 53
92 74 66
92 75 9
92 76 27
92 77 25
92 78 94
92 79 44
92 80 72
92 81 21
92 82 43
92 83 94
92 84 82
92 85 57
92 86 12
92 87 22
92 88 43
92 89 14
92 90 69
92 91 97
93 1 70
93 2 89
93 3 27
93 4 85
93 5 10
93 6 8
93 7 32
93 8 19
93 9 51
93 10 52
93 11 13
93 12 18
93 13 83
93 14 34
93 15 42
93 16 66
93 17 6
93 18 55
93 19 89
93 20 6
93 21 41
93 22 20
93 23 14
93 24 73
93 25 27
93 26 100
93 27 15
93 28 22
93 29 70
93 30 94
93 31 23
93 32 8
93 33 57
93 34 64
93 35 71
93 36 36
93 37 21
93 38 36
93 39 30
93 40 7
93 41 17
93 42 30
93 43 59
93 44 91
93 45 81
93 46 58
93 47 65
93 48 27
93 49 7
93 50 70
93 51 40
93 52 98
93 53 18
93 54 11
93 55 31
93 56 32
93 57 51
93 58 53
93 59 64
93 60 49
93 61 14
93 62 70
93 63 45
93 64 62
93 65 57
93 66 100
93 67 25
93 68 33
93 69 51
93 70 20
93 71 41
93 72 13
93 73 28
93 74 98
93 75 27
93 76 74
93 77 34
93 78 11
93 79 83
93 80 98
93 81 18
93 82 40
93 83 50
93 84 32
93 85 82
93 86 62
93 87 2
93 88 59
93 89 62
93 90 54
93 91 29
93 92 42
94 1 42
94 2 88
94 3 57
94 4 10
94 5 33
94 6 84
94 7 73
94 8 38
94 9 89
94 10 17
94 11 61
94 12 50
94 13 6
94 14 7
94 15 13
94 16 24
94 17 74
94 18 44
94 19 75
94 20 12
94 21 95
94 22 44
94 23 76
94 24 60
94 25 61
94 26 33
94 27 62
94 28 67
94 29 64
94 30 88
94 31 96
94 32 71
94 33 52
94 34 63
94 35 62
94 36 55
94 37 10
94 38 24
94 39 96
94 40 63
94 41 4
94 42 49
94 43 46
94 44 47
94 45 64
94 46 22
94 47 87
94 48 62
94 49 59
94 50 17
94 51 65
94 52 14
94 53 57
94 54 1
94 55 88
94 56 31
94 57 64
94 58 93
94 59 43
94 60 64
94 61 60
94 62 56
94 63 15
94 64 19
94 65 45
94 66 58
94 67 45
94 68 5
94 69 78
94 70 72
94 71 49
94 72 5
94 73 10
94 74 72
94 75 54
94 76 57
94 77 76
94 78 56
94 79 61
94 80 98
94 81 90
94 82 59
94 83 48
94 84 83
94 85 95
94 86 54
94 87 21
94 88 28
94 89 39
94 90 67
94 91 54
94 92 89
94 93 92
95 1 94
95 2 13
95 3 12
95 4 34
95 5 24
95 6 31
95 7 25
95 8 35
95 9 82
95 10 25
95 11 62
95 12 17
95 13 93
95 14 39
95 15 79
95 16 97
95 17 48
95 18 35
95 19 48
95 20 27
95 21 9
95 22 35
95 23 63
95 24 81
95 25 5
95 26 58
95 27 10
95 28 75
95 29 59
95 30 33
95 31 59
95 32 70
95 33 72
95 34 4
95 35 47
95 36 2
95 37 11
95 38 66
95 39 87
95 40 89
95 41 47
95 42 10
95 43 3
95 44 34
95 45 86
95 46 75
95 47 91
95 48 22
95 49 87
95 50 3
95 51 50
95 52 41
95 53 64
95 54 28
95 55 5
95 56 12
95 57 56
95 58 73
95 59 53
95 60 24
95 61 42
95 62 4
95 63 66
95 64 14
95 65 84
95 66 4
95 67 7
95 68 46
95 69 11
95 70 67
95 71 84
95 72 44
95 73 37
95 74 74
95 75 49
95 76 92
95 77 19
95 78 69
95 79 57
95 80 3
95 81 33
95 82 39
95 83 49
95 84 71
95 85 16
95 86 45
95 87 35
95 88 66
95 89 9
95 90 5
95 91 45
95 92 59
95 93 24
95 94 67
96 1 81
96 2 6
96 3 17
96 4 69
96 5 31
96 6 65
96 7 64
96 8 20
96 9 60
96 10 73
96 11 8
96 12 19
96 13 51
96 14 55
96 15 33
96 16 36
96 17 95
96 18 10
96 19 74
96 20 49
96 21 9
96 22 19
96 23 47
96 24 81
96 25 79
96 26 21
96 27 46
96 28 37
96 29 84
96 30 57
96 31 12
96 32 47
96 33 14
96 34 69
96 35 53
96 36 43
96 37 53
96 38 31
96 39 36
96 40 34
96 41 78
96 42 10
96 43 13
96 44 56
96 45 92
96 46 74
96 47 79
96 48 9
96 49 57
96 50 20
96 51 33
96 52 95
96 53 44
96 54 68
96 55 98
96 56 86
96 57 20
96 58 3
96 59 58
96 60 27
96 61 11
96 62 69
96 63 83
96 64 7
96 65 99
96 66 53
96 67 26
96 68 78
96 69 79
96 70 38
96 71 70
96 72 21
96 73 98
96 74 50
96 75 50
96 76 53
96 77 21
96 78 35
96 79 81
96 80 98
96 81 6
96 82 95
96 83 68
96 84 78
96 85 24
96 86 17
96 87 23
96 88 44
96 89 39
96 90 7
96 91 36
96 92 7
96 93 87
96 94 5
96 95 90
97 1 81
97 2 65
97 3 3
97 4 2
97 5 86
97 6 34
97 7 6
97 8 46
97 9 53
97 10 53
97 11 97
97 12 73
97 13 91
97 14 52
97 15 69
97 16 23
97 17 90
97 18 68
97 19 65
97 20 61
97 21 18
97 22 61
97 23 79
97 24 18
97 25 84
97 26 83
97 27 66
97 28 18
97 29 5
97 30 78
97 31 5
97 32 50
97 33 100
97 34 85
97 35 24
97 36 63
97 37 52
97 38 60
97 39 19
97 40 33
97 41 7
97 42 61
97 43 45
97 44 65
97 45 20
97 46 37
97 47 20
97 48 44
97 49 65
97 50 43
97 51 97
97 52 28
97 53 83
97 54 71
97 55 52
97 56 51
97 57 96
97 58 41
97 59 87
97 60 72
97 61 35
97 62 54
97 63 99
97 64 14
97 65 54
97 66 14
97 67 5
97 68 3
97 69 76
97 70 55
97 71 94
97 72 15
97 73 10
97 74 84
97 75 26
97 76 54
97 77 1
97 78 14
97 79 6
97 80 89
97 81 100
97 82 5
97 83 60
97 84 51
97 85 5
97 86 97
97 87 7
97 88 73
97 89 97
97 90 98
97 91 15
97 92 46
97 93 40
97 94 74
97 95 62
97 96 21
98 1 12
98 2 40
98 3 81
98 4 72
98 5 47
98 6 47
98 7 48
98 8 91
98 9 82
98 10 63
98 11 30
98 12 92
98 13 32
98 14 14
98 15 100
98 16 44
98 17 89
98 18 26
98 19 19
98 20 97
98 21 42
98 22 90
98 23 96
98 24 74
98 25 53
98 26 8
98 27 91
98 28 41
98 29 56
98 30 75
98 31 48
98 32 72
98 33 44
98 34 41
98 35 48
98 36 28
98 37 78
98 38 29
98 39 17
98 40 10
98 41 24
98 42 22
98 43 65
98 44 19
98 45 50
98 46 71
98 47 16
98 48 42
98 49 78
98 50 92
98 51 90
98 52 62
98 53 90
98 54 13
98 55 4
98 56 28
98 57 46
98 58 90
98 59 50
98 60 45
98 61 85
98 62 54
98 63 63
98 64 1
98 65 16
98 66 89
98 67 61
98 68 54
98 69 41
98 70 33
98 71 80
98 72 85
98 73 79
98 74 90
98 75 57
98 76 65
98 77 25
98 78 71
98 79 3
98 80 32
98 81 41
98 82 49
98 83 69
98 84 68
98 85 76
98 86 83
98 87 98
98 88 1
98 89 53
98 90 39
98 91 93
98 92 14
98 93 74
98 94 43
98 95 48
98 96 5
98 97 56
99 1 98
99 2 87
99 3 27
99 4 18
99 5 38
99 6 40
99 7 31
99 8 54
99 9 64
99 10 2
99 11 69
99 12 90
99 13 20
99 14 47
99 15 49
99 16 85
99 17 8
99 18 50
99 19 6
99 20 20
99 21 28
99 22 73
99 23 42
99 24 91
99 25 86
99 26 38
99 27 45
99 28 57
99 29 72
99 30 39
99 31 70
99 32 80
99 33 48
99 34 78
99 35 28
99 36 81
99 37 92
99 38 67
99 39 16
99 40 74
99 41 32
99 42 90
99 43 9
99 44 4
99 45 60
99 46 3
99 47 27
99 48 59
99 49 38
99 50 53
99 51 29
99 52 65
99 53 38
99 54 100
99 55 65
99 56 58
99 57 29
99 58 59
99 59 31
99 60 79
99 61 63
99 62 49
99 63 58
99 64 36
99 65 6
99 66 55
99 67 51
99 68 95
99 69 30
99 70 96
99 71 95
99 72 95
99 73 22
99 74 28
99 75 90
99 76 70
99 77 12
99 78 75
99 79 26
99 80 68
99 81 23
99 82 93
99 83 68
99 84 34
99 85 11
99 86 69
99 87 14
99 88 32
99 89 83
99 90 17
99 91 2
99 92 66
99 93 52
99 94 26
99 95 45
99 96 52
99 97 73
99 98 49
100 2 29
100 3 18
100 4 43
100 5 86
100 6 41
100 7 43
100 8 66
100 9 38
100 10 57
100 11 55
100 12 42
100 13 2
100 14 96
100 15 17
100 16 67
100 17 75
100 18 52
100 19 10
100 20 63
100 21 99
100 22 77
100 23 34
100 24 1
100 25 55
100 26 81
100 27 76
100 28 36
100 29 66
100 30 52
100 31 95
100 32 4
100 33 73
100 34 10
100 35 38
100 36 81
100 37 66
100 38 22
100 39 56
100 40 2
100 41 70
100 42 26
100 43 97
100 44 44
100 45 63
100 46 73
100 47 78
100 48 51
100 49 85
100 50 47
100 51 85
100 52 26
100 53 92
100 54 15
100 55 88
100 56 35
100 57 2
100 58 40
100 59 79
100 60 61
100 61 71
100 62 81
100 63 7
100 64 43
100 65 4
100 66 92
100 67 69
100 68 98
100 69 57
100 70 98
100 71 56
100 72 30
100 73 6
100 74 3
100 75 98
100 76 28
100 77 20
100 78 75
100 79 94
100 80 85
100 81 49
100 82 24
100 83 23
100 84 81
100 85 81
100 86 1
100 87 22
100 88 20
100 89 71
100 90 71
100 91 19
100 92 92
100 93 52
100 94 33
100 95 98
100 96 22
100 97 63
100 98 96
100 99 52
