10

3 3
1 1 100
1 2 100
2 3 5
1 3 2

5 6
1 1 1 1 1
1 5 1
5 4 1
4 2 1
2 5 1
1 2 1
3 1 1

5 10
1 1 1 1 1
1 2 1
1 3 1
2 3 1
1 4 1
2 4 1
3 4 1
1 5 1
2 5 1
3 5 1
4 5 1

6 6
1 2 3 4 5 6 
1 2 1
2 3 2
3 4 3
4 5 4
5 6 5
6 1 6

3 1
100 50 100
1 2 50

20 19
42 68 35 1 70 25 79 59 63 65 6 46 82 28 62 92 96 43 28 37 
1 2 92
2 3 5
3 4 3
4 5 54
5 6 93
6 7 83
7 8 22
8 9 17
9 10 19
10 11 96
11 12 48
12 13 27
13 14 72
14 15 39
15 16 70
16 17 13
17 18 68
18 19 100
19 20 36

50 1225
1 89 47 89 70 20 9 10 49 27 79 37 97 71 69 56 56 91 42 79 3 95 29 75 97 95 37 20 19 59 48 93 41 80 37 24 25 69 62 47 57 36 14 29 70 36 7 20 5 61 
1 2 2
1 3 2
2 3 2
1 4 2
2 4 2
3 4 2
1 5 2
2 5 2
3 5 2
4 5 2
1 6 2
2 6 2
3 6 2
4 6 2
5 6 2
1 7 2
2 7 2
3 7 2
4 7 2
5 7 2
6 7 2
1 8 2
2 8 2
3 8 2
4 8 2
5 8 2
6 8 2
7 8 2
1 9 2
2 9 2
3 9 2
4 9 2
5 9 2
6 9 2
7 9 2
8 9 2
1 10 2
2 10 2
3 10 2
4 10 2
5 10 2
6 10 2
7 10 2
8 10 2
9 10 2
1 11 2
2 11 2
3 11 2
4 11 2
5 11 2
6 11 2
7 11 2
8 11 2
9 11 2
10 11 2
1 12 2
2 12 2
3 12 2
4 12 2
5 12 2
6 12 2
7 12 2
8 12 2
9 12 2
10 12 2
11 12 2
1 13 2
2 13 2
3 13 2
4 13 2
5 13 2
6 13 2
7 13 2
8 13 2
9 13 2
10 13 2
11 13 2
12 13 2
1 14 2
2 14 2
3 14 2
4 14 2
5 14 2
6 14 2
7 14 2
8 14 2
9 14 2
10 14 2
11 14 2
12 14 2
13 14 2
1 15 2
2 15 2
3 15 2
4 15 2
5 15 2
6 15 2
7 15 2
8 15 2
9 15 2
10 15 2
11 15 2
12 15 2
13 15 2
14 15 2
1 16 2
2 16 2
3 16 2
4 16 2
5 16 2
6 16 2
7 16 2
8 16 2
9 16 2
10 16 2
11 16 2
12 16 2
13 16 2
14 16 2
15 16 2
1 17 2
2 17 2
3 17 2
4 17 2
5 17 2
6 17 2
7 17 2
8 17 2
9 17 2
10 17 2
11 17 2
12 17 2
13 17 2
14 17 2
15 17 2
16 17 2
1 18 2
2 18 2
3 18 2
4 18 2
5 18 2
6 18 2
7 18 2
8 18 2
9 18 2
10 18 2
11 18 2
12 18 2
13 18 2
14 18 2
15 18 2
16 18 2
17 18 2
1 19 2
2 19 2
3 19 2
4 19 2
5 19 2
6 19 2
7 19 2
8 19 2
9 19 2
10 19 2
11 19 2
12 19 2
13 19 2
14 19 2
15 19 2
16 19 2
17 19 2
18 19 2
1 20 2
2 20 2
3 20 2
4 20 2
5 20 2
6 20 2
7 20 2
8 20 2
9 20 2
10 20 2
11 20 2
12 20 2
13 20 2
14 20 2
15 20 2
16 20 2
17 20 2
18 20 2
19 20 2
1 21 2
2 21 2
3 21 2
4 21 2
5 21 2
6 21 2
7 21 2
8 21 2
9 21 2
10 21 2
11 21 2
12 21 2
13 21 2
14 21 2
15 21 2
16 21 2
17 21 2
18 21 2
19 21 2
20 21 2
1 22 2
2 22 2
3 22 2
4 22 2
5 22 2
6 22 2
7 22 2
8 22 2
9 22 2
10 22 2
11 22 2
12 22 2
13 22 2
14 22 2
15 22 2
16 22 2
17 22 2
18 22 2
19 22 2
20 22 2
21 22 2
1 23 2
2 23 2
3 23 2
4 23 2
5 23 2
6 23 2
7 23 2
8 23 2
9 23 2
10 23 2
11 23 2
12 23 2
13 23 2
14 23 2
15 23 2
16 23 2
17 23 2
18 23 2
19 23 2
20 23 2
21 23 2
22 23 2
1 24 2
2 24 2
3 24 2
4 24 2
5 24 2
6 24 2
7 24 2
8 24 2
9 24 2
10 24 2
11 24 2
12 24 2
13 24 2
14 24 2
15 24 2
16 24 2
17 24 2
18 24 2
19 24 2
20 24 2
21 24 2
22 24 2
23 24 2
1 25 2
2 25 2
3 25 2
4 25 2
5 25 2
6 25 2
7 25 2
8 25 2
9 25 2
10 25 2
11 25 2
12 25 2
13 25 2
14 25 2
15 25 2
16 25 2
17 25 2
18 25 2
19 25 2
20 25 2
21 25 2
22 25 2
23 25 2
24 25 2
1 26 2
2 26 2
3 26 2
4 26 2
5 26 2
6 26 2
7 26 2
8 26 2
9 26 2
10 26 2
11 26 2
12 26 2
13 26 2
14 26 2
15 26 2
16 26 2
17 26 2
18 26 2
19 26 2
20 26 2
21 26 2
22 26 2
23 26 2
24 26 2
25 26 2
1 27 2
2 27 2
3 27 2
4 27 2
5 27 2
6 27 2
7 27 2
8 27 2
9 27 2
10 27 2
11 27 2
12 27 2
13 27 2
14 27 2
15 27 2
16 27 2
17 27 2
18 27 2
19 27 2
20 27 2
21 27 2
22 27 2
23 27 2
24 27 2
25 27 2
26 27 2
1 28 2
2 28 2
3 28 2
4 28 2
5 28 2
6 28 2
7 28 2
8 28 2
9 28 2
10 28 2
11 28 2
12 28 2
13 28 2
14 28 2
15 28 2
16 28 2
17 28 2
18 28 2
19 28 2
20 28 2
21 28 2
22 28 2
23 28 2
24 28 2
25 28 2
26 28 2
27 28 2
1 29 2
2 29 2
3 29 2
4 29 2
5 29 2
6 29 2
7 29 2
8 29 2
9 29 2
10 29 2
11 29 2
12 29 2
13 29 2
14 29 2
15 29 2
16 29 2
17 29 2
18 29 2
19 29 2
20 29 2
21 29 2
22 29 2
23 29 2
24 29 2
25 29 2
26 29 2
27 29 2
28 29 2
1 30 2
2 30 2
3 30 2
4 30 2
5 30 2
6 30 2
7 30 2
8 30 2
9 30 2
10 30 2
11 30 2
12 30 2
13 30 2
14 30 2
15 30 2
16 30 2
17 30 2
18 30 2
19 30 2
20 30 2
21 30 2
22 30 2
23 30 2
24 30 2
25 30 2
26 30 2
27 30 2
28 30 2
29 30 2
1 31 2
2 31 2
3 31 2
4 31 2
5 31 2
6 31 2
7 31 2
8 31 2
9 31 2
10 31 2
11 31 2
12 31 2
13 31 2
14 31 2
15 31 2
16 31 2
17 31 2
18 31 2
19 31 2
20 31 2
21 31 2
22 31 2
23 31 2
24 31 2
25 31 2
26 31 2
27 31 2
28 31 2
29 31 2
30 31 2
1 32 2
2 32 2
3 32 2
4 32 2
5 32 2
6 32 2
7 32 2
8 32 2
9 32 2
10 32 2
11 32 2
12 32 2
13 32 2
14 32 2
15 32 2
16 32 2
17 32 2
18 32 2
19 32 2
20 32 2
21 32 2
22 32 2
23 32 2
24 32 2
25 32 2
26 32 2
27 32 2
28 32 2
29 32 2
30 32 2
31 32 2
1 33 2
2 33 2
3 33 2
4 33 2
5 33 2
6 33 2
7 33 2
8 33 2
9 33 2
10 33 2
11 33 2
12 33 2
13 33 2
14 33 2
15 33 2
16 33 2
17 33 2
18 33 2
19 33 2
20 33 2
21 33 2
22 33 2
23 33 2
24 33 2
25 33 2
26 33 2
27 33 2
28 33 2
29 33 2
30 33 2
31 33 2
32 33 2
1 34 2
2 34 2
3 34 2
4 34 2
5 34 2
6 34 2
7 34 2
8 34 2
9 34 2
10 34 2
11 34 2
12 34 2
13 34 2
14 34 2
15 34 2
16 34 2
17 34 2
18 34 2
19 34 2
20 34 2
21 34 2
22 34 2
23 34 2
24 34 2
25 34 2
26 34 2
27 34 2
28 34 2
29 34 2
30 34 2
31 34 2
32 34 2
33 34 2
1 35 2
2 35 2
3 35 2
4 35 2
5 35 2
6 35 2
7 35 2
8 35 2
9 35 2
10 35 2
11 35 2
12 35 2
13 35 2
14 35 2
15 35 2
16 35 2
17 35 2
18 35 2
19 35 2
20 35 2
21 35 2
22 35 2
23 35 2
24 35 2
25 35 2
26 35 2
27 35 2
28 35 2
29 35 2
30 35 2
31 35 2
32 35 2
33 35 2
34 35 2
1 36 2
2 36 2
3 36 2
4 36 2
5 36 2
6 36 2
7 36 2
8 36 2
9 36 2
10 36 2
11 36 2
12 36 2
13 36 2
14 36 2
15 36 2
16 36 2
17 36 2
18 36 2
19 36 2
20 36 2
21 36 2
22 36 2
23 36 2
24 36 2
25 36 2
26 36 2
27 36 2
28 36 2
29 36 2
30 36 2
31 36 2
32 36 2
33 36 2
34 36 2
35 36 2
1 37 2
2 37 2
3 37 2
4 37 2
5 37 2
6 37 2
7 37 2
8 37 2
9 37 2
10 37 2
11 37 2
12 37 2
13 37 2
14 37 2
15 37 2
16 37 2
17 37 2
18 37 2
19 37 2
20 37 2
21 37 2
22 37 2
23 37 2
24 37 2
25 37 2
26 37 2
27 37 2
28 37 2
29 37 2
30 37 2
31 37 2
32 37 2
33 37 2
34 37 2
35 37 2
36 37 2
1 38 2
2 38 2
3 38 2
4 38 2
5 38 2
6 38 2
7 38 2
8 38 2
9 38 2
10 38 2
11 38 2
12 38 2
13 38 2
14 38 2
15 38 2
16 38 2
17 38 2
18 38 2
19 38 2
20 38 2
21 38 2
22 38 2
23 38 2
24 38 2
25 38 2
26 38 2
27 38 2
28 38 2
29 38 2
30 38 2
31 38 2
32 38 2
33 38 2
34 38 2
35 38 2
36 38 2
37 38 2
1 39 2
2 39 2
3 39 2
4 39 2
5 39 2
6 39 2
7 39 2
8 39 2
9 39 2
10 39 2
11 39 2
12 39 2
13 39 2
14 39 2
15 39 2
16 39 2
17 39 2
18 39 2
19 39 2
20 39 2
21 39 2
22 39 2
23 39 2
24 39 2
25 39 2
26 39 2
27 39 2
28 39 2
29 39 2
30 39 2
31 39 2
32 39 2
33 39 2
34 39 2
35 39 2
36 39 2
37 39 2
38 39 2
1 40 2
2 40 2
3 40 2
4 40 2
5 40 2
6 40 2
7 40 2
8 40 2
9 40 2
10 40 2
11 40 2
12 40 2
13 40 2
14 40 2
15 40 2
16 40 2
17 40 2
18 40 2
19 40 2
20 40 2
21 40 2
22 40 2
23 40 2
24 40 2
25 40 2
26 40 2
27 40 2
28 40 2
29 40 2
30 40 2
31 40 2
32 40 2
33 40 2
34 40 2
35 40 2
36 40 2
37 40 2
38 40 2
39 40 2
1 41 2
2 41 2
3 41 2
4 41 2
5 41 2
6 41 2
7 41 2
8 41 2
9 41 2
10 41 2
11 41 2
12 41 2
13 41 2
14 41 2
15 41 2
16 41 2
17 41 2
18 41 2
19 41 2
20 41 2
21 41 2
22 41 2
23 41 2
24 41 2
25 41 2
26 41 2
27 41 2
28 41 2
29 41 2
30 41 2
31 41 2
32 41 2
33 41 2
34 41 2
35 41 2
36 41 2
37 41 2
38 41 2
39 41 2
40 41 2
1 42 2
2 42 2
3 42 2
4 42 2
5 42 2
6 42 2
7 42 2
8 42 2
9 42 2
10 42 2
11 42 2
12 42 2
13 42 2
14 42 2
15 42 2
16 42 2
17 42 2
18 42 2
19 42 2
20 42 2
21 42 2
22 42 2
23 42 2
24 42 2
25 42 2
26 42 2
27 42 2
28 42 2
29 42 2
30 42 2
31 42 2
32 42 2
33 42 2
34 42 2
35 42 2
36 42 2
37 42 2
38 42 2
39 42 2
40 42 2
41 42 2
1 43 2
2 43 2
3 43 2
4 43 2
5 43 2
6 43 2
7 43 2
8 43 2
9 43 2
10 43 2
11 43 2
12 43 2
13 43 2
14 43 2
15 43 2
16 43 2
17 43 2
18 43 2
19 43 2
20 43 2
21 43 2
22 43 2
23 43 2
24 43 2
25 43 2
26 43 2
27 43 2
28 43 2
29 43 2
30 43 2
31 43 2
32 43 2
33 43 2
34 43 2
35 43 2
36 43 2
37 43 2
38 43 2
39 43 2
40 43 2
41 43 2
42 43 2
1 44 2
2 44 2
3 44 2
4 44 2
5 44 2
6 44 2
7 44 2
8 44 2
9 44 2
10 44 2
11 44 2
12 44 2
13 44 2
14 44 2
15 44 2
16 44 2
17 44 2
18 44 2
19 44 2
20 44 2
21 44 2
22 44 2
23 44 2
24 44 2
25 44 2
26 44 2
27 44 2
28 44 2
29 44 2
30 44 2
31 44 2
32 44 2
33 44 2
34 44 2
35 44 2
36 44 2
37 44 2
38 44 2
39 44 2
40 44 2
41 44 2
42 44 2
43 44 2
1 45 2
2 45 2
3 45 2
4 45 2
5 45 2
6 45 2
7 45 2
8 45 2
9 45 2
10 45 2
11 45 2
12 45 2
13 45 2
14 45 2
15 45 2
16 45 2
17 45 2
18 45 2
19 45 2
20 45 2
21 45 2
22 45 2
23 45 2
24 45 2
25 45 2
26 45 2
27 45 2
28 45 2
29 45 2
30 45 2
31 45 2
32 45 2
33 45 2
34 45 2
35 45 2
36 45 2
37 45 2
38 45 2
39 45 2
40 45 2
41 45 2
42 45 2
43 45 2
44 45 2
1 46 2
2 46 2
3 46 2
4 46 2
5 46 2
6 46 2
7 46 2
8 46 2
9 46 2
10 46 2
11 46 2
12 46 2
13 46 2
14 46 2
15 46 2
16 46 2
17 46 2
18 46 2
19 46 2
20 46 2
21 46 2
22 46 2
23 46 2
24 46 2
25 46 2
26 46 2
27 46 2
28 46 2
29 46 2
30 46 2
31 46 2
32 46 2
33 46 2
34 46 2
35 46 2
36 46 2
37 46 2
38 46 2
39 46 2
40 46 2
41 46 2
42 46 2
43 46 2
44 46 2
45 46 2
1 47 2
2 47 2
3 47 2
4 47 2
5 47 2
6 47 2
7 47 2
8 47 2
9 47 2
10 47 2
11 47 2
12 47 2
13 47 2
14 47 2
15 47 2
16 47 2
17 47 2
18 47 2
19 47 2
20 47 2
21 47 2
22 47 2
23 47 2
24 47 2
25 47 2
26 47 2
27 47 2
28 47 2
29 47 2
30 47 2
31 47 2
32 47 2
33 47 2
34 47 2
35 47 2
36 47 2
37 47 2
38 47 2
39 47 2
40 47 2
41 47 2
42 47 2
43 47 2
44 47 2
45 47 2
46 47 2
1 48 2
2 48 2
3 48 2
4 48 2
5 48 2
6 48 2
7 48 2
8 48 2
9 48 2
10 48 2
11 48 2
12 48 2
13 48 2
14 48 2
15 48 2
16 48 2
17 48 2
18 48 2
19 48 2
20 48 2
21 48 2
22 48 2
23 48 2
24 48 2
25 48 2
26 48 2
27 48 2
28 48 2
29 48 2
30 48 2
31 48 2
32 48 2
33 48 2
34 48 2
35 48 2
36 48 2
37 48 2
38 48 2
39 48 2
40 48 2
41 48 2
42 48 2
43 48 2
44 48 2
45 48 2
46 48 2
47 48 2
1 49 2
2 49 2
3 49 2
4 49 2
5 49 2
6 49 2
7 49 2
8 49 2
9 49 2
10 49 2
11 49 2
12 49 2
13 49 2
14 49 2
15 49 2
16 49 2
17 49 2
18 49 2
19 49 2
20 49 2
21 49 2
22 49 2
23 49 2
24 49 2
25 49 2
26 49 2
27 49 2
28 49 2
29 49 2
30 49 2
31 49 2
32 49 2
33 49 2
34 49 2
35 49 2
36 49 2
37 49 2
38 49 2
39 49 2
40 49 2
41 49 2
42 49 2
43 49 2
44 49 2
45 49 2
46 49 2
47 49 2
48 49 2
1 50 2
2 50 2
3 50 2
4 50 2
5 50 2
6 50 2
7 50 2
8 50 2
9 50 2
10 50 2
11 50 2
12 50 2
13 50 2
14 50 2
15 50 2
16 50 2
17 50 2
18 50 2
19 50 2
20 50 2
21 50 2
22 50 2
23 50 2
24 50 2
25 50 2
26 50 2
27 50 2
28 50 2
29 50 2
30 50 2
31 50 2
32 50 2
33 50 2
34 50 2
35 50 2
36 50 2
37 50 2
38 50 2
39 50 2
40 50 2
41 50 2
42 50 2
43 50 2
44 50 2
45 50 2
46 50 2
47 50 2
48 50 2
49 50 2

80 1000
9 45 40 27 24 38 39 19 83 30 42 34 16 40 59 5 31 78 7 74 87 22 46 25 73 71 30 78 74 98 13 87 91 62 37 56 68 56 75 32 53 51 51 42 25 67 31 8 92 8 38 58 88 54 84 46 10 10 59 22 89 23 47 7 31 14 69 1 92 63 56 11 60 25 38 49 84 96 42 3 
1 4 54
2 4 33
2 7 35
1 8 61
6 8 8
2 9 97
3 9 55
4 9 8
1 10 16
7 10 79
4 11 2
1 12 34
4 12 75
5 12 76
10 12 1
11 12 15
11 13 90
12 13 64
1 14 39
4 14 21
7 14 79
11 14 4
13 14 99
7 15 44
8 15 22
13 15 58
2 16 51
9 16 65
15 16 62
2 17 13
4 17 15
7 17 85
10 17 79
12 17 31
13 17 37
14 17 96
15 17 70
2 18 92
12 18 57
15 18 64
17 18 87
1 19 19
3 19 38
4 19 93
7 19 88
8 19 3
11 19 25
14 19 61
6 20 57
8 20 10
12 20 91
14 20 33
15 20 99
16 20 4
19 20 22
2 21 44
6 21 92
16 21 19
17 21 98
18 21 66
11 22 35
12 22 100
15 22 95
16 22 60
19 22 44
5 23 56
8 23 78
9 23 19
10 23 21
17 23 91
18 23 100
20 23 14
22 23 23
1 24 80
3 24 96
4 24 42
6 24 70
7 24 43
11 24 99
12 24 7
14 24 82
15 24 54
18 24 69
20 24 60
21 24 48
22 24 7
7 25 1
12 25 14
15 25 60
17 25 27
20 25 57
22 25 98
3 26 49
4 26 82
7 26 67
9 26 83
11 26 65
20 26 85
22 26 63
1 27 72
3 27 56
5 27 90
8 27 30
15 27 6
17 27 10
22 27 9
24 27 14
3 28 100
4 28 86
6 28 51
12 28 54
17 28 29
25 28 62
26 28 14
1 29 81
3 29 81
4 29 41
15 29 61
19 29 80
21 29 28
6 30 95
8 30 46
11 30 24
15 30 15
16 30 6
23 30 62
24 30 53
28 30 29
1 31 25
4 31 69
13 31 2
14 31 26
15 31 71
17 31 13
19 31 42
22 31 24
23 31 75
29 31 28
1 32 97
3 32 12
6 32 73
9 32 51
15 32 58
18 32 5
19 32 68
23 32 96
26 32 24
28 32 6
29 32 27
2 33 60
6 33 29
9 33 33
11 33 50
15 33 92
17 33 11
18 33 52
22 33 85
26 33 35
27 33 22
29 33 27
30 33 31
31 33 6
1 34 67
9 34 42
13 34 12
19 34 80
21 34 59
22 34 51
24 34 92
25 34 85
26 34 62
29 34 85
31 34 82
2 35 19
4 35 50
5 35 67
10 35 53
12 35 40
13 35 67
14 35 54
19 35 27
24 35 82
26 35 86
32 35 70
1 36 77
2 36 76
3 36 82
10 36 28
14 36 6
19 36 80
22 36 29
23 36 73
25 36 53
26 36 13
29 36 51
3 37 33
5 37 91
6 37 37
7 37 98
10 37 68
11 37 51
13 37 53
14 37 62
17 37 79
21 37 99
22 37 72
28 37 26
30 37 62
32 37 81
36 37 42
1 38 59
3 38 62
7 38 69
9 38 15
10 38 73
15 38 35
20 38 18
23 38 61
25 38 5
28 38 55
31 38 82
32 38 24
36 38 72
2 39 47
3 39 56
5 39 46
8 39 90
10 39 60
11 39 10
15 39 88
18 39 91
19 39 79
20 39 91
23 39 89
26 39 98
27 39 70
29 39 3
36 39 77
1 40 42
5 40 75
9 40 65
12 40 52
16 40 93
21 40 79
24 40 97
29 40 78
36 40 59
2 41 10
7 41 79
8 41 19
9 41 86
12 41 45
13 41 71
16 41 13
17 41 91
25 41 18
28 41 63
31 41 4
34 41 81
39 41 72
2 42 47
10 42 89
15 42 38
16 42 90
17 42 22
22 42 53
23 42 95
25 42 64
29 42 60
30 42 56
36 42 94
39 42 83
2 43 5
3 43 8
4 43 1
6 43 63
7 43 87
8 43 66
9 43 55
16 43 44
20 43 76
22 43 48
24 43 86
31 43 83
32 43 26
37 43 31
38 43 93
3 44 97
11 44 84
13 44 30
17 44 68
22 44 22
24 44 88
27 44 7
29 44 28
30 44 31
31 44 64
40 44 16
43 44 32
5 45 50
8 45 4
11 45 27
12 45 19
13 45 64
21 45 59
22 45 73
32 45 4
33 45 81
35 45 9
2 46 53
4 46 66
5 46 87
8 46 95
9 46 63
17 46 95
19 46 50
20 46 6
23 46 89
25 46 73
28 46 71
29 46 44
31 46 53
35 46 21
37 46 89
39 46 41
41 46 25
5 47 69
10 47 88
11 47 88
14 47 30
29 47 76
30 47 41
31 47 42
34 47 86
37 47 60
45 47 55
46 47 88
3 48 9
4 48 12
7 48 77
8 48 70
11 48 97
14 48 97
15 48 6
17 48 98
20 48 26
26 48 32
27 48 82
29 48 27
30 48 12
36 48 93
39 48 71
43 48 83
3 49 23
6 49 32
10 49 55
12 49 71
13 49 98
16 49 35
22 49 59
25 49 28
28 49 70
33 49 19
40 49 48
43 49 41
44 49 35
48 49 9
1 50 65
3 50 24
8 50 82
13 50 37
16 50 65
19 50 18
23 50 8
24 50 67
25 50 66
30 50 3
31 50 62
41 50 20
43 50 73
46 50 59
48 50 50
2 51 62
4 51 5
7 51 58
8 51 56
11 51 63
13 51 45
16 51 42
21 51 76
22 51 99
31 51 87
40 51 94
41 51 49
42 51 61
44 51 72
4 52 55
6 52 68
7 52 72
9 52 13
10 52 59
15 52 48
21 52 78
22 52 90
23 52 30
26 52 44
27 52 76
28 52 12
29 52 87
30 52 70
31 52 37
34 52 93
36 52 37
38 52 46
9 53 62
10 53 41
16 53 94
19 53 68
21 53 49
25 53 8
28 53 57
34 53 63
37 53 90
42 53 37
43 53 84
48 53 33
49 53 59
50 53 64
3 54 1
4 54 23
6 54 25
7 54 88
8 54 55
13 54 95
15 54 100
17 54 11
18 54 49
20 54 70
24 54 76
25 54 55
31 54 13
32 54 16
33 54 71
34 54 38
35 54 21
36 54 25
37 54 59
46 54 9
47 54 81
48 54 35
20 55 44
26 55 83
30 55 96
31 55 91
33 55 61
39 55 59
41 55 41
46 55 72
48 55 8
54 55 2
2 56 15
5 56 27
6 56 22
9 56 57
10 56 4
12 56 31
16 56 9
17 56 52
19 56 94
21 56 5
23 56 63
25 56 20
28 56 25
33 56 29
35 56 31
36 56 93
40 56 64
43 56 98
45 56 17
46 56 72
50 56 32
51 56 100
52 56 50
55 56 15
13 57 9
16 57 54
21 57 12
24 57 49
27 57 44
28 57 84
29 57 6
34 57 41
40 57 81
46 57 32
50 57 69
1 58 53
2 58 29
4 58 51
5 58 38
9 58 98
14 58 2
21 58 27
30 58 6
31 58 37
32 58 13
36 58 84
39 58 92
43 58 78
44 58 50
50 58 31
51 58 90
53 58 13
55 58 75
56 58 93
8 59 53
11 59 88
17 59 15
20 59 72
22 59 76
23 59 93
29 59 49
34 59 90
36 59 24
39 59 51
40 59 19
44 59 36
46 59 8
48 59 70
58 59 29
4 60 29
19 60 87
27 60 23
29 60 23
31 60 53
35 60 5
37 60 44
40 60 84
42 60 57
48 60 11
49 60 72
53 60 40
6 61 79
8 61 93
11 61 23
12 61 93
13 61 94
15 61 97
16 61 74
31 61 100
32 61 77
35 61 79
41 61 8
42 61 14
44 61 80
45 61 87
46 61 12
49 61 83
51 61 62
52 61 65
54 61 47
55 61 16
2 62 89
3 62 11
4 62 92
6 62 27
8 62 91
13 62 94
16 62 21
20 62 46
21 62 62
24 62 32
31 62 86
32 62 16
33 62 77
35 62 86
39 62 12
40 62 94
45 62 31
46 62 46
48 62 94
58 62 96
1 63 14
2 63 45
3 63 49
4 63 19
5 63 17
11 63 65
13 63 23
15 63 68
17 63 18
18 63 39
19 63 72
22 63 22
23 63 63
24 63 48
34 63 25
36 63 20
38 63 63
39 63 1
40 63 86
43 63 61
44 63 32
47 63 36
49 63 61
51 63 8
53 63 52
54 63 1
59 63 48
61 63 1
5 64 73
11 64 12
21 64 96
22 64 57
23 64 70
24 64 28
25 64 71
27 64 4
29 64 50
35 64 49
40 64 61
41 64 3
45 64 93
46 64 77
47 64 84
52 64 44
54 64 95
56 64 12
60 64 78
62 64 70
3 65 35
4 65 75
5 65 60
6 65 82
9 65 12
24 65 16
28 65 5
29 65 79
30 65 16
32 65 89
34 65 67
36 65 57
39 65 25
46 65 61
47 65 78
49 65 45
50 65 71
52 65 41
54 65 4
55 65 75
59 65 91
62 65 39
63 65 69
2 66 12
5 66 27
15 66 9
18 66 34
19 66 34
22 66 71
34 66 13
36 66 54
39 66 64
40 66 92
41 66 76
42 66 24
48 66 44
52 66 60
53 66 56
56 66 83
57 66 51
58 66 30
59 66 82
64 66 79
5 67 8
7 67 56
9 67 91
12 67 66
14 67 30
16 67 85
24 67 78
25 67 89
27 67 34
33 67 94
35 67 49
36 67 86
37 67 97
39 67 94
42 67 39
49 67 29
52 67 10
54 67 45
58 67 58
59 67 2
64 67 32
65 67 41
2 68 98
6 68 47
8 68 85
9 68 44
10 68 93
11 68 44
12 68 65
18 68 94
22 68 72
26 68 90
28 68 42
30 68 43
36 68 49
41 68 14
44 68 59
49 68 94
52 68 88
54 68 54
59 68 90
60 68 45
63 68 46
64 68 9
66 68 59
2 69 69
5 69 82
10 69 83
11 69 32
14 69 67
16 69 24
17 69 25
18 69 80
20 69 79
22 69 100
25 69 24
26 69 86
34 69 78
38 69 20
47 69 72
52 69 14
56 69 82
65 69 2
67 69 70
2 70 99
8 70 17
14 70 74
22 70 89
24 70 76
29 70 10
31 70 34
33 70 21
36 70 13
38 70 17
39 70 59
40 70 39
41 70 41
42 70 97
45 70 83
50 70 66
53 70 20
58 70 59
66 70 75
67 70 49
68 70 81
3 71 66
6 71 85
13 71 1
15 71 98
16 71 78
20 71 91
22 71 18
24 71 90
26 71 50
29 71 11
34 71 18
35 71 10
48 71 98
49 71 52
55 71 43
57 71 90
59 71 77
8 72 9
10 72 91
16 72 38
20 72 92
26 72 22
29 72 60
30 72 62
37 72 84
39 72 53
41 72 93
43 72 35
46 72 59
49 72 26
50 72 38
53 72 33
54 72 23
62 72 90
63 72 70
65 72 19
67 72 41
9 73 24
10 73 42
19 73 11
20 73 14
23 73 2
24 73 52
25 73 86
33 73 88
39 73 44
41 73 59
44 73 6
48 73 97
49 73 70
51 73 29
53 73 70
54 73 25
57 73 51
64 73 80
66 73 61
70 73 55
71 73 24
1 74 20
2 74 87
6 74 32
16 74 66
20 74 85
22 74 27
24 74 13
29 74 62
33 74 48
35 74 52
37 74 77
39 74 40
40 74 49
46 74 75
52 74 1
61 74 65
63 74 55
65 74 63
66 74 57
67 74 75
69 74 88
73 74 37
5 75 92
9 75 56
14 75 10
18 75 21
22 75 14
28 75 89
30 75 31
32 75 53
33 75 94
34 75 73
36 75 51
40 75 21
41 75 41
42 75 90
43 75 12
44 75 30
50 75 89
52 75 81
54 75 23
58 75 26
61 75 73
63 75 12
64 75 4
65 75 20
66 75 14
70 75 42
71 75 92
2 76 65
5 76 87
6 76 94
11 76 77
13 76 24
14 76 70
16 76 63
21 76 8
23 76 87
25 76 65
27 76 42
29 76 90
34 76 70
35 76 28
37 76 26
41 76 72
44 76 89
46 76 76
56 76 31
57 76 16
61 76 2
63 76 14
65 76 19
67 76 61
74 76 72
75 76 42
6 77 17
12 77 96
14 77 53
17 77 27
19 77 68
20 77 87
23 77 34
26 77 30
31 77 83
32 77 7
33 77 17
38 77 93
40 77 24
41 77 98
48 77 34
59 77 78
61 77 59
63 77 30
64 77 44
71 77 42
72 77 88
73 77 71
4 78 19
5 78 78
9 78 18
10 78 64
11 78 41
12 78 25
13 78 31
14 78 15
15 78 15
24 78 80
27 78 50
33 78 97
37 78 28
38 78 4
43 78 42
46 78 35
47 78 38
48 78 83
50 78 44
51 78 60
52 78 14
53 78 83
54 78 10
56 78 84
57 78 60
65 78 86
67 78 35
69 78 31
70 78 18
72 78 52
73 78 26
74 78 94
76 78 9
1 79 99
2 79 43
6 79 81
7 79 19
14 79 30
16 79 77
17 79 40
18 79 74
20 79 91
22 79 55
23 79 47
24 79 67
26 79 22
27 79 15
29 79 80
30 79 99
31 79 98
37 79 4
42 79 23
43 79 29
45 79 72
51 79 20
55 79 45
60 79 98
64 79 76
66 79 74
69 79 71
70 79 24
73 79 88
76 79 50
77 79 79
78 79 44
2 80 39
5 80 25
10 80 50
11 80 73
16 80 40
17 80 69
18 80 67
21 80 11
22 80 79
26 80 87
27 80 78
33 80 92
35 80 5
46 80 73
47 80 59
48 80 5
52 80 26
53 80 34
59 80 3
65 80 53
69 80 13
71 80 99
79 80 53

100 100
34 1 65 84 58 69 11 69 9 42 33 38 85 100 2 70 84 57 93 41 88 13 11 21 36 64 16 98 78 75 35 54 34 79 87 25 35 76 50 13 85 25 93 5 23 56 14 63 74 85 61 23 54 98 23 51 38 18 7 32 98 6 37 58 100 91 99 86 48 85 93 26 97 56 29 39 43 29 96 43 38 7 68 54 94 6 47 10 25 55 66 40 7 10 93 100 76 37 62 48 
1 2 1
2 3 1
3 4 1
4 5 1
5 6 1
6 7 1
7 8 1
8 9 1
9 10 1
10 11 1
11 12 1
12 13 1
13 14 1
14 15 1
15 16 1
16 17 1
17 18 1
18 19 1
19 20 1
20 21 1
21 22 1
22 23 1
23 24 1
24 25 1
25 26 1
26 27 1
27 28 1
28 29 1
29 30 1
30 31 1
31 32 1
32 33 1
33 34 1
34 35 1
35 36 1
36 37 1
37 38 1
38 39 1
39 40 1
40 41 1
41 42 1
42 43 1
43 44 1
44 45 1
45 46 1
46 47 1
47 48 1
48 49 1
49 50 1
50 51 1
51 52 1
52 53 1
53 54 1
54 55 1
55 56 1
56 57 1
57 58 1
58 59 1
59 60 1
60 61 1
61 62 1
62 63 1
63 64 1
64 65 1
65 66 1
66 67 1
67 68 1
68 69 1
69 70 1
70 71 1
71 72 1
72 73 1
73 74 1
74 75 1
75 76 1
76 77 1
77 78 1
78 79 1
79 80 1
80 81 1
81 82 1
82 83 1
83 84 1
84 85 1
85 86 1
86 87 1
87 88 1
88 89 1
89 90 1
90 91 1
91 92 1
92 93 1
93 94 1
94 95 1
95 96 1
96 97 1
97 98 1
98 99 1
99 100 1
100 1 1

100 2000
100 100 100 100 100 100 100 100 100 100 100 100 100 100 100 100 100 100 100 100 100 100 100 100 100 100 100 100 100 100 100 100 100 100 100 100 100 100 100 100 100 100 100 100 100 100 100 100 100 100 100 100 100 100 100 100 100 100 100 100 100 100 100 100 100 100 100 100 100 100 100 100 100 100 100 100 100 100 100 100 100 100 100 100 100 100 100 100 100 100 100 100 100 100 100 100 100 100 100 100 
1 2 100
1 3 100
2 3 100
1 4 100
2 4 100
3 4 100
1 5 100
2 5 100
3 5 100
4 5 100
1 6 100
2 6 100
3 6 100
4 6 100
5 6 100
1 7 100
2 7 100
3 7 100
4 7 100
5 7 100
6 7 100
1 8 100
2 8 100
3 8 100
4 8 100
5 8 100
6 8 100
7 8 100
1 9 100
2 9 100
3 9 100
4 9 100
5 9 100
6 9 100
7 9 100
8 9 100
1 10 100
2 10 100
3 10 100
4 10 100
5 10 100
6 10 100
7 10 100
8 10 100
9 10 100
1 11 100
2 11 100
3 11 100
4 11 100
5 11 100
6 11 100
7 11 100
8 11 100
9 11 100
10 11 100
1 12 100
2 12 100
3 12 100
4 12 100
5 12 100
6 12 100
7 12 100
8 12 100
9 12 100
10 12 100
11 12 100
1 13 100
2 13 100
3 13 100
4 13 100
5 13 100
6 13 100
7 13 100
8 13 100
9 13 100
10 13 100
11 13 100
12 13 100
1 14 100
2 14 100
3 14 100
4 14 100
5 14 100
6 14 100
7 14 100
8 14 100
9 14 100
10 14 100
11 14 100
12 14 100
13 14 100
1 15 100
2 15 100
3 15 100
4 15 100
5 15 100
6 15 100
7 15 100
8 15 100
9 15 100
10 15 100
11 15 100
12 15 100
13 15 100
14 15 100
1 16 100
2 16 100
3 16 100
4 16 100
5 16 100
6 16 100
7 16 100
8 16 100
9 16 100
10 16 100
11 16 100
12 16 100
13 16 100
14 16 100
15 16 100
1 17 100
2 17 100
3 17 100
4 17 100
5 17 100
6 17 100
7 17 100
8 17 100
9 17 100
10 17 100
11 17 100
12 17 100
13 17 100
14 17 100
15 17 100
16 17 100
1 18 100
2 18 100
3 18 100
4 18 100
5 18 100
6 18 100
7 18 100
8 18 100
9 18 100
10 18 100
11 18 100
12 18 100
13 18 100
14 18 100
15 18 100
16 18 100
17 18 100
1 19 100
2 19 100
3 19 100
4 19 100
5 19 100
6 19 100
7 19 100
8 19 100
9 19 100
10 19 100
11 19 100
12 19 100
13 19 100
14 19 100
15 19 100
16 19 100
17 19 100
18 19 100
1 20 100
2 20 100
3 20 100
4 20 100
5 20 100
6 20 100
7 20 100
8 20 100
9 20 100
10 20 100
11 20 100
12 20 100
13 20 100
14 20 100
15 20 100
16 20 100
17 20 100
18 20 100
19 20 100
1 21 100
2 21 100
3 21 100
4 21 100
5 21 100
6 21 100
7 21 100
8 21 100
9 21 100
10 21 100
11 21 100
12 21 100
13 21 100
14 21 100
15 21 100
16 21 100
17 21 100
18 21 100
19 21 100
20 21 100
1 22 100
2 22 100
3 22 100
4 22 100
5 22 100
6 22 100
7 22 100
8 22 100
9 22 100
10 22 100
11 22 100
12 22 100
13 22 100
14 22 100
15 22 100
16 22 100
17 22 100
18 22 100
19 22 100
20 22 100
21 22 100
1 23 100
2 23 100
3 23 100
4 23 100
5 23 100
6 23 100
7 23 100
8 23 100
9 23 100
10 23 100
11 23 100
12 23 100
13 23 100
14 23 100
15 23 100
16 23 100
17 23 100
18 23 100
19 23 100
20 23 100
21 23 100
22 23 100
1 24 100
2 24 100
3 24 100
4 24 100
5 24 100
6 24 100
7 24 100
8 24 100
9 24 100
10 24 100
11 24 100
12 24 100
13 24 100
14 24 100
15 24 100
16 24 100
17 24 100
18 24 100
19 24 100
20 24 100
21 24 100
22 24 100
23 24 100
1 25 100
2 25 100
3 25 100
4 25 100
5 25 100
6 25 100
7 25 100
8 25 100
9 25 100
10 25 100
11 25 100
12 25 100
13 25 100
14 25 100
15 25 100
16 25 100
17 25 100
18 25 100
19 25 100
20 25 100
21 25 100
22 25 100
23 25 100
24 25 100
1 26 100
2 26 100
3 26 100
4 26 100
5 26 100
6 26 100
7 26 100
8 26 100
9 26 100
10 26 100
11 26 100
12 26 100
13 26 100
14 26 100
15 26 100
16 26 100
17 26 100
18 26 100
19 26 100
20 26 100
21 26 100
22 26 100
23 26 100
24 26 100
25 26 100
1 27 100
2 27 100
3 27 100
4 27 100
5 27 100
6 27 100
7 27 100
8 27 100
9 27 100
10 27 100
11 27 100
12 27 100
13 27 100
14 27 100
15 27 100
16 27 100
17 27 100
18 27 100
19 27 100
20 27 100
21 27 100
22 27 100
23 27 100
24 27 100
25 27 100
26 27 100
1 28 100
2 28 100
3 28 100
4 28 100
5 28 100
6 28 100
7 28 100
8 28 100
9 28 100
10 28 100
11 28 100
12 28 100
13 28 100
14 28 100
15 28 100
16 28 100
17 28 100
18 28 100
19 28 100
20 28 100
21 28 100
22 28 100
23 28 100
24 28 100
25 28 100
26 28 100
27 28 100
1 29 100
2 29 100
3 29 100
4 29 100
5 29 100
6 29 100
7 29 100
8 29 100
9 29 100
10 29 100
11 29 100
12 29 100
13 29 100
14 29 100
15 29 100
16 29 100
17 29 100
18 29 100
19 29 100
20 29 100
21 29 100
22 29 100
23 29 100
24 29 100
25 29 100
26 29 100
27 29 100
28 29 100
1 30 100
2 30 100
3 30 100
4 30 100
5 30 100
6 30 100
7 30 100
8 30 100
9 30 100
10 30 100
11 30 100
12 30 100
13 30 100
14 30 100
15 30 100
16 30 100
17 30 100
18 30 100
19 30 100
20 30 100
21 30 100
22 30 100
23 30 100
24 30 100
25 30 100
26 30 100
27 30 100
28 30 100
29 30 100
1 31 100
2 31 100
3 31 100
4 31 100
5 31 100
6 31 100
7 31 100
8 31 100
9 31 100
10 31 100
11 31 100
12 31 100
13 31 100
14 31 100
15 31 100
16 31 100
17 31 100
18 31 100
19 31 100
20 31 100
21 31 100
22 31 100
23 31 100
24 31 100
25 31 100
26 31 100
27 31 100
28 31 100
29 31 100
30 31 100
1 32 100
2 32 100
3 32 100
4 32 100
5 32 100
6 32 100
7 32 100
8 32 100
9 32 100
10 32 100
11 32 100
12 32 100
13 32 100
14 32 100
15 32 100
16 32 100
17 32 100
18 32 100
19 32 100
20 32 100
21 32 100
22 32 100
23 32 100
24 32 100
25 32 100
26 32 100
27 32 100
28 32 100
29 32 100
30 32 100
31 32 100
1 33 100
2 33 100
3 33 100
4 33 100
5 33 100
6 33 100
7 33 100
8 33 100
9 33 100
10 33 100
11 33 100
12 33 100
13 33 100
14 33 100
15 33 100
16 33 100
17 33 100
18 33 100
19 33 100
20 33 100
21 33 100
22 33 100
23 33 100
24 33 100
25 33 100
26 33 100
27 33 100
28 33 100
29 33 100
30 33 100
31 33 100
32 33 100
1 34 100
2 34 100
3 34 100
4 34 100
5 34 100
6 34 100
7 34 100
8 34 100
9 34 100
10 34 100
11 34 100
12 34 100
13 34 100
14 34 100
15 34 100
16 34 100
17 34 100
18 34 100
19 34 100
20 34 100
21 34 100
22 34 100
23 34 100
24 34 100
25 34 100
26 34 100
27 34 100
28 34 100
29 34 100
30 34 100
31 34 100
32 34 100
33 34 100
1 35 100
2 35 100
3 35 100
4 35 100
5 35 100
6 35 100
7 35 100
8 35 100
9 35 100
10 35 100
11 35 100
12 35 100
13 35 100
14 35 100
15 35 100
16 35 100
17 35 100
18 35 100
19 35 100
20 35 100
21 35 100
22 35 100
23 35 100
24 35 100
25 35 100
26 35 100
27 35 100
28 35 100
29 35 100
30 35 100
31 35 100
32 35 100
33 35 100
34 35 100
1 36 100
2 36 100
3 36 100
4 36 100
5 36 100
6 36 100
7 36 100
8 36 100
9 36 100
10 36 100
11 36 100
12 36 100
13 36 100
14 36 100
15 36 100
16 36 100
17 36 100
18 36 100
19 36 100
20 36 100
21 36 100
22 36 100
23 36 100
24 36 100
25 36 100
26 36 100
27 36 100
28 36 100
29 36 100
30 36 100
31 36 100
32 36 100
33 36 100
34 36 100
35 36 100
1 37 100
2 37 100
3 37 100
4 37 100
5 37 100
6 37 100
7 37 100
8 37 100
9 37 100
10 37 100
11 37 100
12 37 100
13 37 100
14 37 100
15 37 100
16 37 100
17 37 100
18 37 100
19 37 100
20 37 100
21 37 100
22 37 100
23 37 100
24 37 100
25 37 100
26 37 100
27 37 100
28 37 100
29 37 100
30 37 100
31 37 100
32 37 100
33 37 100
34 37 100
35 37 100
36 37 100
1 38 100
2 38 100
3 38 100
4 38 100
5 38 100
6 38 100
7 38 100
8 38 100
9 38 100
10 38 100
11 38 100
12 38 100
13 38 100
14 38 100
15 38 100
16 38 100
17 38 100
18 38 100
19 38 100
20 38 100
21 38 100
22 38 100
23 38 100
24 38 100
25 38 100
26 38 100
27 38 100
28 38 100
29 38 100
30 38 100
31 38 100
32 38 100
33 38 100
34 38 100
35 38 100
36 38 100
37 38 100
1 39 100
2 39 100
3 39 100
4 39 100
5 39 100
6 39 100
7 39 100
8 39 100
9 39 100
10 39 100
11 39 100
12 39 100
13 39 100
14 39 100
15 39 100
16 39 100
17 39 100
18 39 100
19 39 100
20 39 100
21 39 100
22 39 100
23 39 100
24 39 100
25 39 100
26 39 100
27 39 100
28 39 100
29 39 100
30 39 100
31 39 100
32 39 100
33 39 100
34 39 100
35 39 100
36 39 100
37 39 100
38 39 100
1 40 100
2 40 100
3 40 100
4 40 100
5 40 100
6 40 100
7 40 100
8 40 100
9 40 100
10 40 100
11 40 100
12 40 100
13 40 100
14 40 100
15 40 100
16 40 100
17 40 100
18 40 100
19 40 100
20 40 100
21 40 100
22 40 100
23 40 100
24 40 100
25 40 100
26 40 100
27 40 100
28 40 100
29 40 100
30 40 100
31 40 100
32 40 100
33 40 100
34 40 100
35 40 100
36 40 100
37 40 100
38 40 100
39 40 100
1 41 100
2 41 100
3 41 100
4 41 100
5 41 100
6 41 100
7 41 100
8 41 100
9 41 100
10 41 100
11 41 100
12 41 100
13 41 100
14 41 100
15 41 100
16 41 100
17 41 100
18 41 100
19 41 100
20 41 100
21 41 100
22 41 100
23 41 100
24 41 100
25 41 100
26 41 100
27 41 100
28 41 100
29 41 100
30 41 100
31 41 100
32 41 100
33 41 100
34 41 100
35 41 100
36 41 100
37 41 100
38 41 100
39 41 100
40 41 100
1 42 100
2 42 100
3 42 100
4 42 100
5 42 100
6 42 100
7 42 100
8 42 100
9 42 100
10 42 100
11 42 100
12 42 100
13 42 100
14 42 100
15 42 100
16 42 100
17 42 100
18 42 100
19 42 100
20 42 100
21 42 100
22 42 100
23 42 100
24 42 100
25 42 100
26 42 100
27 42 100
28 42 100
29 42 100
30 42 100
31 42 100
32 42 100
33 42 100
34 42 100
35 42 100
36 42 100
37 42 100
38 42 100
39 42 100
40 42 100
41 42 100
1 43 100
2 43 100
3 43 100
4 43 100
5 43 100
6 43 100
7 43 100
8 43 100
9 43 100
10 43 100
11 43 100
12 43 100
13 43 100
14 43 100
15 43 100
16 43 100
17 43 100
18 43 100
19 43 100
20 43 100
21 43 100
22 43 100
23 43 100
24 43 100
25 43 100
26 43 100
27 43 100
28 43 100
29 43 100
30 43 100
31 43 100
32 43 100
33 43 100
34 43 100
35 43 100
36 43 100
37 43 100
38 43 100
39 43 100
40 43 100
41 43 100
42 43 100
1 44 100
2 44 100
3 44 100
4 44 100
5 44 100
6 44 100
7 44 100
8 44 100
9 44 100
10 44 100
11 44 100
12 44 100
13 44 100
14 44 100
15 44 100
16 44 100
17 44 100
18 44 100
19 44 100
20 44 100
21 44 100
22 44 100
23 44 100
24 44 100
25 44 100
26 44 100
27 44 100
28 44 100
29 44 100
30 44 100
31 44 100
32 44 100
33 44 100
34 44 100
35 44 100
36 44 100
37 44 100
38 44 100
39 44 100
40 44 100
41 44 100
42 44 100
43 44 100
1 45 100
2 45 100
3 45 100
4 45 100
5 45 100
6 45 100
7 45 100
8 45 100
9 45 100
10 45 100
11 45 100
12 45 100
13 45 100
14 45 100
15 45 100
16 45 100
17 45 100
18 45 100
19 45 100
20 45 100
21 45 100
22 45 100
23 45 100
24 45 100
25 45 100
26 45 100
27 45 100
28 45 100
29 45 100
30 45 100
31 45 100
32 45 100
33 45 100
34 45 100
35 45 100
36 45 100
37 45 100
38 45 100
39 45 100
40 45 100
41 45 100
42 45 100
43 45 100
44 45 100
1 46 100
2 46 100
3 46 100
4 46 100
5 46 100
6 46 100
7 46 100
8 46 100
9 46 100
10 46 100
11 46 100
12 46 100
13 46 100
14 46 100
15 46 100
16 46 100
17 46 100
18 46 100
19 46 100
20 46 100
21 46 100
22 46 100
23 46 100
24 46 100
25 46 100
26 46 100
27 46 100
28 46 100
29 46 100
30 46 100
31 46 100
32 46 100
33 46 100
34 46 100
35 46 100
36 46 100
37 46 100
38 46 100
39 46 100
40 46 100
41 46 100
42 46 100
43 46 100
44 46 100
45 46 100
1 47 100
2 47 100
3 47 100
4 47 100
5 47 100
6 47 100
7 47 100
8 47 100
9 47 100
10 47 100
11 47 100
12 47 100
13 47 100
14 47 100
15 47 100
16 47 100
17 47 100
18 47 100
19 47 100
20 47 100
21 47 100
22 47 100
23 47 100
24 47 100
25 47 100
26 47 100
27 47 100
28 47 100
29 47 100
30 47 100
31 47 100
32 47 100
33 47 100
34 47 100
35 47 100
36 47 100
37 47 100
38 47 100
39 47 100
40 47 100
41 47 100
42 47 100
43 47 100
44 47 100
45 47 100
46 47 100
1 48 100
2 48 100
3 48 100
4 48 100
5 48 100
6 48 100
7 48 100
8 48 100
9 48 100
10 48 100
11 48 100
12 48 100
13 48 100
14 48 100
15 48 100
16 48 100
17 48 100
18 48 100
19 48 100
20 48 100
21 48 100
22 48 100
23 48 100
24 48 100
25 48 100
26 48 100
27 48 100
28 48 100
29 48 100
30 48 100
31 48 100
32 48 100
33 48 100
34 48 100
35 48 100
36 48 100
37 48 100
38 48 100
39 48 100
40 48 100
41 48 100
42 48 100
43 48 100
44 48 100
45 48 100
46 48 100
47 48 100
1 49 100
2 49 100
3 49 100
4 49 100
5 49 100
6 49 100
7 49 100
8 49 100
9 49 100
10 49 100
11 49 100
12 49 100
13 49 100
14 49 100
15 49 100
16 49 100
17 49 100
18 49 100
19 49 100
20 49 100
21 49 100
22 49 100
23 49 100
24 49 100
25 49 100
26 49 100
27 49 100
28 49 100
29 49 100
30 49 100
31 49 100
32 49 100
33 49 100
34 49 100
35 49 100
36 49 100
37 49 100
38 49 100
39 49 100
40 49 100
41 49 100
42 49 100
43 49 100
44 49 100
45 49 100
46 49 100
47 49 100
48 49 100
1 50 100
2 50 100
3 50 100
4 50 100
5 50 100
6 50 100
7 50 100
8 50 100
9 50 100
10 50 100
11 50 100
12 50 100
13 50 100
14 50 100
15 50 100
16 50 100
17 50 100
18 50 100
19 50 100
20 50 100
21 50 100
22 50 100
23 50 100
24 50 100
25 50 100
26 50 100
27 50 100
28 50 100
29 50 100
30 50 100
31 50 100
32 50 100
33 50 100
34 50 100
35 50 100
36 50 100
37 50 100
38 50 100
39 50 100
40 50 100
41 50 100
42 50 100
43 50 100
44 50 100
45 50 100
46 50 100
47 50 100
48 50 100
49 50 100
1 51 100
2 51 100
3 51 100
4 51 100
5 51 100
6 51 100
7 51 100
8 51 100
9 51 100
10 51 100
11 51 100
12 51 100
13 51 100
14 51 100
15 51 100
16 51 100
17 51 100
18 51 100
19 51 100
20 51 100
21 51 100
22 51 100
23 51 100
24 51 100
25 51 100
26 51 100
27 51 100
28 51 100
29 51 100
30 51 100
31 51 100
32 51 100
33 51 100
34 51 100
35 51 100
36 51 100
37 51 100
38 51 100
39 51 100
40 51 100
41 51 100
42 51 100
43 51 100
44 51 100
45 51 100
46 51 100
47 51 100
48 51 100
49 51 100
50 51 100
1 52 100
2 52 100
3 52 100
4 52 100
5 52 100
6 52 100
7 52 100
8 52 100
9 52 100
10 52 100
11 52 100
12 52 100
13 52 100
14 52 100
15 52 100
16 52 100
17 52 100
18 52 100
19 52 100
20 52 100
21 52 100
22 52 100
23 52 100
24 52 100
25 52 100
26 52 100
27 52 100
28 52 100
29 52 100
30 52 100
31 52 100
32 52 100
33 52 100
34 52 100
35 52 100
36 52 100
37 52 100
38 52 100
39 52 100
40 52 100
41 52 100
42 52 100
43 52 100
44 52 100
45 52 100
46 52 100
47 52 100
48 52 100
49 52 100
50 52 100
51 52 100
1 53 100
2 53 100
3 53 100
4 53 100
5 53 100
6 53 100
7 53 100
8 53 100
9 53 100
10 53 100
11 53 100
12 53 100
13 53 100
14 53 100
15 53 100
16 53 100
17 53 100
18 53 100
19 53 100
20 53 100
21 53 100
22 53 100
23 53 100
24 53 100
25 53 100
26 53 100
27 53 100
28 53 100
29 53 100
30 53 100
31 53 100
32 53 100
33 53 100
34 53 100
35 53 100
36 53 100
37 53 100
38 53 100
39 53 100
40 53 100
41 53 100
42 53 100
43 53 100
44 53 100
45 53 100
46 53 100
47 53 100
48 53 100
49 53 100
50 53 100
51 53 100
52 53 100
1 54 100
2 54 100
3 54 100
4 54 100
5 54 100
6 54 100
7 54 100
8 54 100
9 54 100
10 54 100
11 54 100
12 54 100
13 54 100
14 54 100
15 54 100
16 54 100
17 54 100
18 54 100
19 54 100
20 54 100
21 54 100
22 54 100
23 54 100
24 54 100
25 54 100
26 54 100
27 54 100
28 54 100
29 54 100
30 54 100
31 54 100
32 54 100
33 54 100
34 54 100
35 54 100
36 54 100
37 54 100
38 54 100
39 54 100
40 54 100
41 54 100
42 54 100
43 54 100
44 54 100
45 54 100
46 54 100
47 54 100
48 54 100
49 54 100
50 54 100
51 54 100
52 54 100
53 54 100
1 55 100
2 55 100
3 55 100
4 55 100
5 55 100
6 55 100
7 55 100
8 55 100
9 55 100
10 55 100
11 55 100
12 55 100
13 55 100
14 55 100
15 55 100
16 55 100
17 55 100
18 55 100
19 55 100
20 55 100
21 55 100
22 55 100
23 55 100
24 55 100
25 55 100
26 55 100
27 55 100
28 55 100
29 55 100
30 55 100
31 55 100
32 55 100
33 55 100
34 55 100
35 55 100
36 55 100
37 55 100
38 55 100
39 55 100
40 55 100
41 55 100
42 55 100
43 55 100
44 55 100
45 55 100
46 55 100
47 55 100
48 55 100
49 55 100
50 55 100
51 55 100
52 55 100
53 55 100
54 55 100
1 56 100
2 56 100
3 56 100
4 56 100
5 56 100
6 56 100
7 56 100
8 56 100
9 56 100
10 56 100
11 56 100
12 56 100
13 56 100
14 56 100
15 56 100
16 56 100
17 56 100
18 56 100
19 56 100
20 56 100
21 56 100
22 56 100
23 56 100
24 56 100
25 56 100
26 56 100
27 56 100
28 56 100
29 56 100
30 56 100
31 56 100
32 56 100
33 56 100
34 56 100
35 56 100
36 56 100
37 56 100
38 56 100
39 56 100
40 56 100
41 56 100
42 56 100
43 56 100
44 56 100
45 56 100
46 56 100
47 56 100
48 56 100
49 56 100
50 56 100
51 56 100
52 56 100
53 56 100
54 56 100
55 56 100
1 57 100
2 57 100
3 57 100
4 57 100
5 57 100
6 57 100
7 57 100
8 57 100
9 57 100
10 57 100
11 57 100
12 57 100
13 57 100
14 57 100
15 57 100
16 57 100
17 57 100
18 57 100
19 57 100
20 57 100
21 57 100
22 57 100
23 57 100
24 57 100
25 57 100
26 57 100
27 57 100
28 57 100
29 57 100
30 57 100
31 57 100
32 57 100
33 57 100
34 57 100
35 57 100
36 57 100
37 57 100
38 57 100
39 57 100
40 57 100
41 57 100
42 57 100
43 57 100
44 57 100
45 57 100
46 57 100
47 57 100
48 57 100
49 57 100
50 57 100
51 57 100
52 57 100
53 57 100
54 57 100
55 57 100
56 57 100
1 58 100
2 58 100
3 58 100
4 58 100
5 58 100
6 58 100
7 58 100
8 58 100
9 58 100
10 58 100
11 58 100
12 58 100
13 58 100
14 58 100
15 58 100
16 58 100
17 58 100
18 58 100
19 58 100
20 58 100
21 58 100
22 58 100
23 58 100
24 58 100
25 58 100
26 58 100
27 58 100
28 58 100
29 58 100
30 58 100
31 58 100
32 58 100
33 58 100
34 58 100
35 58 100
36 58 100
37 58 100
38 58 100
39 58 100
40 58 100
41 58 100
42 58 100
43 58 100
44 58 100
45 58 100
46 58 100
47 58 100
48 58 100
49 58 100
50 58 100
51 58 100
52 58 100
53 58 100
54 58 100
55 58 100
56 58 100
57 58 100
1 59 100
2 59 100
3 59 100
4 59 100
5 59 100
6 59 100
7 59 100
8 59 100
9 59 100
10 59 100
11 59 100
12 59 100
13 59 100
14 59 100
15 59 100
16 59 100
17 59 100
18 59 100
19 59 100
20 59 100
21 59 100
22 59 100
23 59 100
24 59 100
25 59 100
26 59 100
27 59 100
28 59 100
29 59 100
30 59 100
31 59 100
32 59 100
33 59 100
34 59 100
35 59 100
36 59 100
37 59 100
38 59 100
39 59 100
40 59 100
41 59 100
42 59 100
43 59 100
44 59 100
45 59 100
46 59 100
47 59 100
48 59 100
49 59 100
50 59 100
51 59 100
52 59 100
53 59 100
54 59 100
55 59 100
56 59 100
57 59 100
58 59 100
1 60 100
2 60 100
3 60 100
4 60 100
5 60 100
6 60 100
7 60 100
8 60 100
9 60 100
10 60 100
11 60 100
12 60 100
13 60 100
14 60 100
15 60 100
16 60 100
17 60 100
18 60 100
19 60 100
20 60 100
21 60 100
22 60 100
23 60 100
24 60 100
25 60 100
26 60 100
27 60 100
28 60 100
29 60 100
30 60 100
31 60 100
32 60 100
33 60 100
34 60 100
35 60 100
36 60 100
37 60 100
38 60 100
39 60 100
40 60 100
41 60 100
42 60 100
43 60 100
44 60 100
45 60 100
46 60 100
47 60 100
48 60 100
49 60 100
50 60 100
51 60 100
52 60 100
53 60 100
54 60 100
55 60 100
56 60 100
57 60 100
58 60 100
59 60 100
1 61 100
2 61 100
3 61 100
4 61 100
5 61 100
6 61 100
7 61 100
8 61 100
9 61 100
10 61 100
11 61 100
12 61 100
13 61 100
14 61 100
15 61 100
16 61 100
17 61 100
18 61 100
19 61 100
20 61 100
21 61 100
22 61 100
23 61 100
24 61 100
25 61 100
26 61 100
27 61 100
28 61 100
29 61 100
30 61 100
31 61 100
32 61 100
33 61 100
34 61 100
35 61 100
36 61 100
37 61 100
38 61 100
39 61 100
40 61 100
41 61 100
42 61 100
43 61 100
44 61 100
45 61 100
46 61 100
47 61 100
48 61 100
49 61 100
50 61 100
51 61 100
52 61 100
53 61 100
54 61 100
55 61 100
56 61 100
57 61 100
58 61 100
59 61 100
60 61 100
1 62 100
2 62 100
3 62 100
4 62 100
5 62 100
6 62 100
7 62 100
8 62 100
9 62 100
10 62 100
11 62 100
12 62 100
13 62 100
14 62 100
15 62 100
16 62 100
17 62 100
18 62 100
19 62 100
20 62 100
21 62 100
22 62 100
23 62 100
24 62 100
25 62 100
26 62 100
27 62 100
28 62 100
29 62 100
30 62 100
31 62 100
32 62 100
33 62 100
34 62 100
35 62 100
36 62 100
37 62 100
38 62 100
39 62 100
40 62 100
41 62 100
42 62 100
43 62 100
44 62 100
45 62 100
46 62 100
47 62 100
48 62 100
49 62 100
50 62 100
51 62 100
52 62 100
53 62 100
54 62 100
55 62 100
56 62 100
57 62 100
58 62 100
59 62 100
60 62 100
61 62 100
1 63 100
2 63 100
3 63 100
4 63 100
5 63 100
6 63 100
7 63 100
8 63 100
9 63 100
10 63 100
11 63 100
12 63 100
13 63 100
14 63 100
15 63 100
16 63 100
17 63 100
18 63 100
19 63 100
20 63 100
21 63 100
22 63 100
23 63 100
24 63 100
25 63 100
26 63 100
27 63 100
28 63 100
29 63 100
30 63 100
31 63 100
32 63 100
33 63 100
34 63 100
35 63 100
36 63 100
37 63 100
38 63 100
39 63 100
40 63 100
41 63 100
42 63 100
43 63 100
44 63 100
45 63 100
46 63 100
47 63 100
48 63 100
49 63 100
50 63 100
51 63 100
52 63 100
53 63 100
54 63 100
55 63 100
56 63 100
57 63 100
58 63 100
59 63 100
60 63 100
61 63 100
62 63 100
1 64 100
2 64 100
3 64 100
4 64 100
5 64 100
6 64 100
7 64 100
8 64 100
9 64 100
10 64 100
11 64 100
12 64 100
13 64 100
14 64 100
15 64 100
16 64 100
17 64 100
18 64 100
19 64 100
20 64 100
21 64 100
22 64 100
23 64 100
24 64 100
25 64 100
26 64 100
27 64 100
28 64 100
29 64 100
30 64 100
31 64 100
32 64 100
33 64 100
34 64 100
35 64 100
36 64 100
37 64 100
38 64 100
39 64 100
40 64 100
41 64 100
42 64 100
43 64 100
44 64 100
45 64 100
46 64 100
47 64 100
