98
27 91
21633
26672
21957
31694
17225
28231
7793
6708
25361
28985
29939
26081
19128
12670
18615
15897
5053
31911
8920
29217
20643
23095
28575
29871
17050
31412
326
25503
4699
7422
12289
14311
4180
24031
15167
12749
16389
9698
20524
21848
12970
10601
22907
2820
29978
12026
31844
14521
5359
4058
26344
26366
231
9949
21340
18027
18570
8572
25893
10588
32525
26408
17089
17901
17783
2782
4359
21538
16386
31484
13231
23653
31428
25427
30484
18998
398
30077
1849
5918
12053
2928
22538
8676
30543
22612
25317
1540
12576
7058
23897
1885
9014
2606
19758
26154
22578
25174
7589
12083
32264
23867
6656
23621
21672
29471
28997
22751
28638
9647
10048
16174
20598
17556
5831
24891
6309
24645
47 85
24484
24351
10090
25865
26782
26807
18256
20615
16588
7023
23457
29546
2271
16455
18473
9694
28062
28918
8087
20583
5072
25658
3712
15058
31580
21612
30630
18284
7599
13399
9593
28273
19294
9802
13534
3527
3340
26988
7472
24812
2959
12624
31108
13614
17230
7113
30514
11802
1773
14592
3473
11830
5421
22979
25345
14323
17933
6176
815
23261
4918
20019
19092
277
32661
28476
11071
12545
8778
30452
11989
5954
22721
25378
22998
27878
25630
27497
21537
3551
30175
27492
31419
21428
28604
13045
16076
2167
23250
12505
30186
1527
23041
11136
32666
21814
7059
31772
25620
25118
3614
32761
20551
5999
23723
13324
4893
30460
30231
11982
0
535
9146
27723
23197
1610
29511
8309
12264
8776
30707
959
16480
5922
9946
19943
24468
14782
21150
21267
27878
6278
42 97
18831
10589
24469
27447
28643
5079
22529
27041
4054
27561
3527
25564
21696
28510
17300
22254
14429
8012
28600
14841
1816
16583
647
15120
31113
8596
27647
15945
1852
12192
9387
21267
22196
14578
15814
5066
28335
26591
15524
9097
3244
20349
17742
15936
17579
7258
22637
3846
20020
15725
10345
16560
8858
6476
18897
31906
20609
9120
17150
19429
10398
26326
16115
3706
10174
22040
26504
31982
16906
31612
10952
26671
29577
22139
28567
11166
14822
32420
32152
1381
23412
24209
7245
18699
8047
6939
11648
8262
23429
31434
18146
19984
31380
24975
3827
10236
24758
13494
24865
14795
20603
15126
32052
18234
13685
19851
17897
8223
30714
27558
21213
31412
15909
2210
22957
18483
15902
9370
12892
14243
1435
1530
31477
23281
23207
10036
7793
8770
6563
11444
17114
8584
13450
30485
25265
21587
14201
9621
5518
84 19
7366
19462
13211
18511
25991
721
30543
29487
30771
12588
22626
11726
18456
30333
19633
23134
9003
19254
1012
24205
14841
14587
20302
15551
25569
24071
10018
21147
29569
16332
17193
24778
12142
12505
30913
16379
17192
19969
21384
26411
15437
22202
7210
10019
26636
25795
16759
16194
9437
18186
22457
12156
31855
972
8772
27555
6626
17918
23374
21477
28727
14828
11777
5783
9477
7456
5839
24369
4973
1413
7686
30361
31567
9164
8356
14500
12478
1295
7020
730
24498
6068
11321
121
14333
30613
15763
30653
5505
17757
4224
31839
30879
3381
6300
11099
25331
161
24172
21495
27710
1956
23536
2 24
27947
1911
7512
4375
10921
183
21166
27411
5886
5149
14731
21643
31901
2146
19349
14116
23278
27231
272
3490
22257
19234
26273
12959
7973
9281
72 24
18088
22126
24043
1968
23455
30284
1095
7165
15576
23426
4166
16998
29358
9741
14011
24066
3885
11738
1460
17205
22903
4244
2816
21542
18534
20923
17390
16755
4211
16630
14936
17188
18647
6826
29408
24030
27632
5835
4218
2137
14053
23026
20779
17684
11405
31920
18448
1096
16269
7459
30881
25114
26561
11974
14135
5396
9950
31885
29388
8406
16469
4402
19458
8457
10362
31177
7527
16533
28389
5787
22776
12564
10264
28209
24292
13958
6755
13999
12690
6982
12805
2404
10980
8253
148
29854
5822
15701
19359
24515
22210
17968
28305
30109
29534
18203
81 95
15881
11837
2375
10085
26825
5396
13241
20071
14073
15907
26104
30385
11081
6884
7901
27077
22278
28164
29368
5572
11932
24015
9201
21379
1881
2794
12016
21216
8819
32576
19771
8535
26957
2366
13278
32464
16118
22339
4368
29883
2802
26450
3347
25439
24894
7947
21084
31087
27534
8153
24820
18911
30681
11116
12574
29685
20503
11370
26938
4515
16202
14177
10985
24596
26555
6145
15218
22149
20102
16008
2917
8022
16472
8573
24958
10081
29560
26529
11467
14218
2820
28195
16913
19607
24446
32531
2157
8515
12423
19481
22839
7821
9193
359
5931
9814
13787
1260
16587
27691
32385
13770
511
20576
28851
16395
2303
29022
30207
22671
8818
26429
3057
30025
24792
23958
18065
21932
21285
32658
23598
28511
3758
27207
7770
4920
4169
6469
1078
24168
14512
363
10736
19443
26663
19968
27017
31332
32095
29695
28892
31166
15257
4017
30940
13749
23566
16513
541
20510
20111
30477
14998
32677
28009
27001
28837
18110
10379
8712
14163
5854
27627
23533
8154
13290
17701
8798
11364
27632
3173
26091
24598
30485
5256
31758
74 71
9854
15619
23335
13139
19443
13273
26438
19025
11566
5322
20688
6623
1593
28104
26554
1204
30530
17752
9031
17559
13377
7075
28363
5142
22491
458
13237
8315
23942
15227
17612
22524
1775
7874
3769
26674
12441
9761
12742
205
22982
26850
26853
11909
25498
28076
25076
25172
19326
2901
27455
30946
25795
19447
6727
22081
21895
1606
20418
27098
23261
8480
15586
11943
6184
13670
19930
31651
30152
523
7583
14463
21241
26218
22251
19095
3831
22237
9864
20004
11623
32651
8907
28595
6642
2433
19551
31190
20275
13829
3139
27417
25811
17446
21270
10295
18674
21656
15763
7822
10441
16319
25176
27345
19598
4618
11499
22525
27288
8834
27134
19086
13764
30627
26866
27634
11031
28266
22171
10814
25253
22447
13635
24608
26545
32693
5617
14612
23573
21504
30443
9691
27365
7014
27513
29994
20047
29801
28908
25759
27845
3524
5343
15864
20831
81 70
21639
890
22745
16003
30433
422
13805
2759
10455
25535
29428
18426
14759
26713
3909
1770
2675
29025
5416
22666
6385
13314
6704
7414
8805
8134
6603
17330
29388
16638
24087
24882
13402
8803
27383
15776
21287
29181
8039
16601
18726
27972
268
24505
26198
22662
26127
28312
26940
1416
28972
32020
31632
11632
5126
7953
26423
8674
3006
18175
6001
6506
3011
5468
14932
6938
2796
16761
5753
19828
26308
32640
26869
11402
20773
1974
24458
27491
15368
8958
799
1185
14235
24735
9838
15969
30356
22854
11517
9571
27845
9039
15951
17259
15345
23616
14683
5350
25311
27542
31805
465
25260
25285
21548
24023
20069
7802
10668
13241
30934
3363
15620
24563
13468
16049
1779
16029
23170
8604
4511
28815
2570
4392
24014
31688
22601
6376
10328
19217
24824
4480
9181
20701
28105
31406
31411
20852
10231
13964
11554
6224
2081
2575
8148
7367
30808
1748
28295
23019
23671
25 78
23983
29874
32021
20566
21323
20082
8795
8756
3297
14177
15550
4287
20576
26304
19270
28786
27561
20737
5748
13910
21488
22930
27339
22645
21605
22263
23695
4754
4116
7451
30925
25367
23306
488
1947
21583
11962
4117
17313
26069
15775
23615
10968
10829
27170
12348
19602
27985
9405
172
14523
30126
30049
24784
29790
14289
13333
26784
5994
3196
13537
16663
30647
16318
27370
19154
1348
3105
18142
4825
15299
22053
21650
2493
19799
15341
23530
12515
27292
19769
2298
12831
19432
32660
24426
5508
24528
13007
32031
2427
17134
22957
28695
28947
25826
6880
9109
11416
32407
32308
10367
20583
15816
44 13
15872
18882
29961
14209
21341
1387
4112
14502
9347
12931
19567
18645
29526
23082
25174
1226
22961
7842
23438
15745
22966
23127
18022
12116
18531
12316
5361
13413
18022
28856
31854
30267
15155
31137
26888
25264
1619
28935
22976
26634
23295
788
14503
15464
31213
1139
848
13408
15722
7695
22405
27878
11177
26141
14393
19567
859
53 71
8023
30335
28571
11320
21376
1916
27261
3922
5949
15469
30073
29231
24430
7356
2084
1188
6380
11506
29619
30372
2343
23757
26811
30459
8717
7060
2620
2623
19758
1703
12766
19972
29214
26202
18810
31824
15387
27907
24028
17231
25328
27730
20168
17735
31513
29921
16442
21709
4392
5132
12530
16698
5224
9219
23088
18265
21695
25117
15549
31330
6105
16240
32554
14636
2434
8094
348
926
2900
31217
18761
17511
10131
4267
11516
25326
11093
12951
24031
12684
11238
15076
14649
3066
31594
17203
502
14853
20676
15343
26535
27273
9911
24285
32457
23196
5707
12276
3658
32010
12403
110
22089
13826
6892
10271
13342
32526
29800
26886
18330
1864
17388
12578
32143
9164
30583
11910
9107
9321
13796
27056
26882
24732
66 64
28994
4286
7489
10499
23371
18300
11967
5793
25190
8072
18117
13655
31796
29070
28315
28501
6131
9834
2051
2669
25341
31128
21973
7716
13969
16363
30695
12297
4822
1666
24111
27205
19229
7673
30508
8308
18279
26076
7553
5811
32551
27745
2276
16122
4425
13910
17974
24749
7538
17240
31475
24173
17034
8774
30669
3636
26232
10741
24212
22433
11052
10789
24409
3216
13539
10420
20691
12270
9638
32530
10242
7884
29204
27637
4881
20401
29538
27982
15233
7221
23200
30331
29572
18635
26942
22206
21159
16095
4814
25582
1460
11553
27659
15724
21975
544
2843
15193
11007
29978
15633
24070
3463
4370
13494
20908
27414
30244
5769
23134
8900
17686
1540
15419
7294
26927
6177
29672
28587
13388
20253
21310
23823
304
892
22079
8176
20508
24141
17487
61 12
18607
29089
8539
5040
29844
13551
27322
17658
25285
25966
25670
17015
2599
29953
29864
25408
1084
31404
27681
13988
25324
16716
10349
10359
4998
11910
12270
16300
29442
5630
2054
11047
30601
19657
19141
4300
4919
4388
16324
21212
13343
6758
31824
16257
1423
25907
20171
24231
22166
4083
31056
21006
18884
23426
32662
31645
12849
9257
3095
24058
16832
26318
12401
27479
27813
9831
1292
13967
9765
17845
27645
14961
23197
43 31
11099
19142
13627
20911
1804
11319
31907
23681
22195
13100
13127
20049
22347
27013
14609
20148
31787
30482
20775
9344
32729
16141
22884
24441
30496
30440
5640
17709
6754
6730
26030
1308
14639
24660
29055
30748
3093
5672
11686
28412
22714
684
15875
21608
7209
14219
4900
9740
12138
29565
21361
2301
6741
31177
25766
32084
2215
776
10631
29980
5462
11051
18383
21102
24610
191
2665
4314
8557
6512
13282
7689
12364
20428
92 34
11998
3658
31819
21609
20701
19339
20500
22190
28786
7135
27415
5605
25934
31755
2968
31121
20982
14666
27511
12135
23390
6801
21599
16048
32442
12055
17473
27376
31121
26133
13825
10693
30739
21450
25199
12305
32172
18371
3448
23131
15321
6233
13214
29811
19259
18299
11173
9301
31466
25774
4239
31824
10763
20561
1995
30824
24485
17446
14250
27384
5296
17678
530
7324
25711
25108
22390
9037
5888
25773
13829
13518
14898
22078
10530
30792
15510
32479
23829
6961
16089
16735
6912
11633
3920
30856
16660
2248
981
14756
2820
18282
9682
8256
16058
3565
25755
1839
4426
11365
16897
21202
22564
23246
11556
12439
23181
5290
32648
28608
22352
22506
20587
22374
4784
19218
4694
7613
162
3737
12019
25753
24377
15758
5406
24369
59 63
27966
1315
27089
23969
26582
30393
26171
5410
23127
30315
31430
20706
7737
7077
13758
10315
26185
8906
9097
29051
32325
32376
10973
31906
10406
3598
31024
7852
3773
7531
4976
20257
30465
4601
24309
23881
13736
26859
14004
147
2932
27330
24757
18487
26320
14358
30663
11803
15131
5011
7538
20724
25156
3394
2093
6573
15511
29449
16849
20492
726
10870
10830
25235
32396
22456
4764
26020
7326
30190
1013
3561
3619
17573
1858
10739
27509
11931
211
24353
3464
3529
29778
11716
4475
28833
17658
128
14957
17557
17924
19190
9618
2520
12130
31647
1158
29800
19120
17659
20961
7756
27752
492
13323
12058
3413
14684
594
7357
6218
1318
8249
26997
16403
24628
8979
799
29100
8165
30161
10167
2 46
28441
29467
7190
19983
3480
31250
28952
23958
20120
5772
29299
30051
21205
18732
13782
19900
17804
21507
27028
15858
14806
29343
15516
21644
29236
21316
683
15009
18027
13689
26816
26246
7058
20934
19921
25002
8809
28349
5052
9661
20460
18231
31872
21784
17448
9696
26541
21081
43 31
1049
31565
9478
26957
18901
2836
7685
9111
20575
26495
2018
31458
21785
23997
11045
17762
1530
4663
20386
19569
25732
10168
22277
19668
21750
25041
26029
19520
11714
18044
3518
26652
23361
767
12401
393
27558
6163
2479
27296
5937
4422
6623
30970
6309
19358
25084
8566
27131
3967
9706
310
14680
462
10506
30699
10813
12375
6412
14163
14077
15724
6916
27648
18037
28367
11968
25434
18935
9171
23641
21223
30599
30397
86 19
29770
3440
18492
28042
827
23882
14826
28437
3104
26185
20259
19717
3773
10610
17388
22049
22087
24179
25929
1831
283
11399
30363
10953
12464
27290
300
15093
30154
10926
16905
26457
19697
5245
10768
25895
16162
21343
9289
27669
31428
7023
5754
1193
30941
2537
20469
2995
646
25815
23221
3867
10909
32237
25257
26588
4025
15537
10064
13649
31331
5087
11142
7600
11139
26123
6046
30676
28440
7560
432
16959
18220
31625
4148
2911
17160
25222
10960
12048
22180
8161
11631
3427
18017
30922
20883
7837
31482
32352
16876
2179
20920
27928
3113
6357
15590
7011
25870
18713
18565
15243
29383
12185
22337
19 77
431
11171
6159
17957
2880
4487
29401
21408
16263
15313
1765
9728
18196
10844
10222
2089
12052
11315
17699
22426
7634
20996
25037
10889
12414
25809
305
7221
26158
13545
2488
13176
15394
21783
25421
6043
24396
5657
21767
1903
5903
22099
26120
18073
19784
31173
17829
29998
22411
7739
32455
1408
26031
24515
31376
17463
14732
16740
5698
9891
3075
3597
20573
21328
17215
17868
20744
6363
24123
27456
20914
18181
14724
17745
10233
7686
4417
26910
30667
18468
25712
8247
20683
4483
7538
32525
15094
21055
9162
16295
30342
16056
15138
13462
29462
4653
91 67
16904
18317
12053
15334
2084
21641
110
7218
12929
6894
26375
7248
29353
1074
27724
3729
17912
31564
26149
27849
3141
14537
25280
9472
29125
5405
402
7786
12331
21815
23960
2714
27412
9560
27875
22258
11171
13860
31059
21086
16232
12282
5795
23362
32391
28801
14757
10672
15638
18051
21711
2527
27590
8191
7671
6872
11206
24185
24923
25971
23012
17813
1508
24450
21750
14308
9900
12108
888
13822
26045
17213
23670
21457
23580
4571
30637
6200
19206
5628
26861
31440
29305
23350
27329
29703
12534
11928
7250
21365
20614
18327
22153
20592
9467
32075
23668
2266
24440
23516
27371
25150
15155
11831
27507
283
26490
20485
20066
19072
21236
23517
20548
9177
15402
2488
11902
25865
11077
20902
3889
12473
14617
9920
8289
9967
18275
24158
12887
9698
3663
6026
20803
3341
9022
14004
8742
13954
23749
18855
1775
6785
14329
26555
19940
20809
8938
25164
28740
26414
20589
22892
9259
14060
31007
2261
17845
15931
87 66
23398
8355
7738
16702
14794
19602
31589
25628
2648
30380
21510
22184
14748
24418
5276
2558
4246
5830
3009
21978
32093
12957
6133
32592
20231
10934
25245
6078
26829
20347
19531
18430
12395
3782
28224
23520
15302
31478
21808
8663
465
18497
22853
29426
4785
13388
14182
30478
6944
3064
20408
31051
14095
17279
11621
24764
22415
21697
15261
8547
16369
22488
19419
14684
24108
2546
20842
3672
640
13920
30247
16205
14937
13802
27784
15980
21110
30822
8925
18260
17482
19593
15318
1413
4771
23036
28742
32535
22921
434
15910
6060
5481
6266
2269
16291
25971
12240
3775
9102
19776
24825
22483
28646
14776
20047
473
31998
19763
20185
3467
30518
14046
30750
4388
22385
6497
31291
29727
16329
17598
564
6209
4225
18300
5768
5081
18746
6918
8712
24903
2666
28494
8424
10171
19211
22965
9239
319
5776
27439
7884
25080
26397
29090
12898
1192
28663
26768
27749
120
27706
23798
90 38
17866
18548
6954
12632
10379
10157
1601
30730
21973
20465
24662
18279
19490
18458
19946
18115
5898
10419
4968
16042
23410
18272
8954
16236
29696
12665
15521
4313
12754
14841
21637
20298
5487
7831
13194
23009
5117
2098
1571
30225
15541
27250
19819
19552
21141
1709
26226
8811
11860
5639
7124
30251
31899
24286
30097
24184
11378
14693
15128
21707
8697
18318
23461
19528
344
25646
12493
14844
9720
3420
20312
29283
6644
19993
23118
45
8650
27447
3156
22593
12375
22387
27449
3843
22274
13029
22989
29394
1591
22938
31730
12245
12823
17791
8437
24824
12141
18304
10270
12849
23780
23538
4997
30728
27768
7726
15656
24662
24875
8063
25147
8269
5369
9535
30911
17336
23309
4668
854
388
4661
32609
22358
14720
15252
18322
2332
32609
32 76
29347
22281
6954
27837
2133
1545
22315
4601
28704
7780
7198
8527
3789
9878
30755
19378
32653
724
23846
8109
10709
918
1366
11265
26988
15699
31704
13712
31939
3467
7612
1145
11652
28939
10032
3205
26477
3949
8435
29890
12639
8158
16909
17005
15538
2852
6590
11029
32460
28383
5556
20990
2290
26126
14464
29892
4701
15062
5195
19264
26769
25983
24005
7855
14826
31936
11103
23569
28280
31548
13498
9680
781
32332
9823
10402
6803
25087
23984
14256
14755
24159
8479
29688
24660
2550
10397
752
30289
26001
2645
6252
15663
21828
24475
22465
15613
10926
13855
20523
24348
9342
8551
6252
11089
1846
124
19894
21 5
19427
31179
14139
23518
32718
9315
29604
17493
30356
5070
32111
9485
18271
218
28484
7906
32036
16887
8164
24415
14809
12697
32513
23100
6626
21470
96 98
27596
32625
13544
31422
4157
3502
17084
9699
5675
22023
2697
24116
26445
30886
21472
5329
6351
15443
30585
30818
13386
921
4040
13147
3315
7460
6096
24446
29971
29550
27708
21153
26551
24475
25260
10417
31400
9121
27469
12023
11421
20395
28844
5274
25520
5824
27084
1125
12303
22175
21110
3019
9972
22254
32208
29480
27095
916
30513
27466
11746
9828
25908
13360
22437
25595
8971
8465
32523
32747
1046
7585
28556
11289
30132
6287
30885
26467
29530
30546
8837
12166
226
30501
6922
2623
7973
8016
28395
10673
28363
10410
25399
12295
30050
32348
766
22106
14510
15335
13645
31445
9280
19561
28512
23063
27978
3868
22292
30680
26802
9503
27035
31440
1893
19577
31347
32724
27886
27739
7833
10307
21575
13989
22522
26528
14063
684
5418
21632
27196
17722
22872
167
9971
18903
8322
7278
12054
4423
21477
26984
1533
31060
25272
16452
28328
4558
21273
11765
9300
17103
24392
27665
332
10307
29459
14455
2050
18088
7569
20533
606
32019
19219
4521
11094
22644
23384
2534
5823
11290
26624
29016
19299
4986
20291
23468
17235
16684
22243
7914
18047
16182
31583
13796
21379
1165
16234
8660
2756
985
3995
3905
13 10
3686
16930
5266
28359
23627
3398
1006
24733
12365
22771
32011
18200
21670
31950
5646
18587
23481
28922
6294
12823
8520
6788
11412
59 24
14079
9565
10182
17073
11115
9469
15476
19257
14940
2510
14168
17348
25944
23114
9175
28085
32128
8990
7094
31816
10098
31615
2596
23427
22127
9153
8187
25450
697
29222
23875
19315
7999
500
21496
29241
4732
22730
2060
19828
13981
30259
4272
5673
9442
380
24272
1310
20550
2499
19676
13201
13154
3153
23502
29737
5519
13610
16745
14381
11083
3553
11198
21748
5598
3761
24053
15773
1597
17866
2634
1280
1838
2281
3414
15331
12973
25899
28304
32626
22158
16675
18963
34 58
25898
1954
26516
2211
24054
745
31225
9473
28015
2309
9044
27170
32189
20295
10307
7283
19110
18229
1475
4183
13591
29650
347
18817
29952
9248
2455
10656
7525
14050
31416
29250
9907
19366
7082
7666
29520
1283
26422
21668
629
16416
30073
32596
17728
25973
6549
16105
18949
14038
1958
19039
12774
16045
5880
30757
9379
17543
29815
30404
14003
27346
22886
30914
30099
23012
6740
22470
3678
7232
8780
29436
17054
4117
11853
19643
8033
4616
23801
11110
10896
17715
26257
16784
31357
7278
4385
8547
27579
2253
13560
32578
31 35
25947
1965
31346
22628
4475
19557
3144
20775
12708
3281
10127
11246
21686
23969
2633
31367
8665
29617
22255
21078
8813
5680
19973
28573
26688
31745
17904
7675
25604
6241
21772
2610
0
6859
25082
24877
21253
9752
3639
24641
32676
747
12019
15027
5022
20812
18464
30842
31644
32147
15817
12871
24352
31880
12197
20163
30908
4808
13036
9495
16002
11115
24169
10418
28347
483
62 83
21724
8999
31059
14868
23221
2578
23152
22378
14828
23301
24333
6506
25002
724
20934
11532
25748
15584
26246
1127
765
17536
13908
13100
9561
13734
11632
29811
23285
24767
8095
15802
12518
5594
30403
810
30016
11021
12206
4381
14984
16916
6456
7902
12139
4412
2447
32431
7855
13184
32207
3857
11115
17393
22483
20799
7539
18523
11850
18684
21015
12069
25357
2446
9485
25721
29616
5131
26027
17061
14422
27347
11353
25025
1226
32350
9287
2706
24524
22328
7515
20655
17577
8521
31342
6114
8975
31834
20407
2257
4382
13781
17799
14558
25538
20428
4919
2379
8513
31037
9823
418
528
23445
19017
10580
29675
24946
25510
9376
21284
23213
5247
6326
20028
8600
23662
6941
10160
9604
2317
12370
18965
32391
2735
7602
25191
28284
334
4761
29855
29514
5573
27852
7811
20074
29503
7188
31938
9635
29936
26924
26176
8472
23555
82 4
10885
8659
31848
31071
12742
14941
3108
4439
6809
23286
20840
9124
14244
6457
8875
9969
30394
30276
23786
9048
8794
10788
20811
31096
23672
17293
13823
8136
13952
28622
7788
18986
2713
32517
16012
12228
31271
30863
32144
25355
13715
21443
7114
28704
29006
10464
28617
13664
11283
28227
32454
10807
10861
5598
29759
2100
19322
7909
15585
2659
6894
28618
18603
14039
17498
3180
14417
26246
19375
31884
31198
32602
12030
30336
6302
5252
21889
8747
17467
24852
28639
2092
21286
20678
11692
342
65 48
27695
14944
922
13497
17001
8158
30434
23260
3666
18032
5246
15693
26470
9018
2646
27243
6752
10388
14253
24951
4678
6914
32328
12084
21157
12902
11987
14512
26398
23412
5248
10337
27681
11623
25585
12659
5369
26610
4440
7521
21257
3450
20957
22467
597
28034
19520
27751
16196
13159
15551
11170
18852
19789
4154
26856
6382
16217
14997
1947
1483
14113
19550
18977
11480
29536
2991
5945
28326
21487
5206
10639
12550
9712
17204
23950
17795
76
28899
4469
6447
17505
16284
19373
4515
5876
87
7002
15169
25965
29491
26416
11452
19267
26393
7815
17371
27573
31900
178
8057
5051
4132
28301
31441
14396
3916
31318
19960
9345
15752
10686
22443
83 76
7743
29771
31199
26856
6063
26150
16138
10615
1302
29432
29379
29690
6077
31410
22988
3200
3207
27513
31551
10506
8068
14066
20676
12525
24004
11453
18183
2935
18793
24127
8810
16853
1024
28581
7159
30772
29458
31269
19096
551
4853
25479
11402
5705
27624
20197
25871
25891
23904
2735
611
5968
13212
8177
24562
30430
15231
26329
30920
18424
18591
17524
15945
5314
24986
30136
18210
28805
1705
3015
27263
30220
18039
32114
7039
1358
5427
29180
6372
1101
6627
10529
17680
10045
26108
9303
14893
1001
19248
30036
28331
29779
17288
21968
32239
3226
8114
27788
26953
10273
28572
25491
25895
20974
22850
13248
1673
3152
20932
18816
25781
15301
27835
26329
812
14618
13773
26284
6108
20180
18559
17719
407
9679
6731
4573
708
25893
10995
11818
5205
2385
3860
32274
25849
13973
2302
28025
22674
2713
9155
28409
7145
12628
1166
22495
8352
16687
26166
15734
5481
8808
29459
14217
11894
1461
28945
11299
21041
20 99
2201
32300
4701
2617
3018
30811
6344
5972
1446
8321
29551
20825
12269
30184
24258
5125
1081
9557
18372
32352
13119
13115
7533
3733
8530
5679
20813
12289
3113
21916
19315
28554
15841
184
21901
18994
28997
4534
16721
18923
19278
4414
19995
25774
3558
3610
4567
20935
26609
15666
26913
18803
1678
21946
12971
25260
19354
32170
23007
836
19831
23150
29894
5681
1035
6623
31017
31784
18187
1907
19702
27245
377
432
13796
11241
15979
25575
27738
30845
29455
14366
21902
22166
10732
17742
10474
15105
29546
19919
1203
23297
16277
4624
13804
25759
1310
27531
14200
4418
22946
5112
11392
18047
24367
27841
23060
14642
11013
23223
25621
18126
2457
2563
20818
30961
17376
11871
6897
29 90
4998
19217
27489
26124
4584
28333
23421
24354
15267
24259
16041
10644
21935
9398
12235
3961
29016
32242
25267
28986
14834
17102
32611
921
19144
13494
18349
12018
8533
30601
15108
29632
32695
14912
11404
30818
21344
21201
32627
9248
29711
20818
32132
27497
20222
20066
31737
12638
21085
30917
17041
25237
11520
9806
26851
11542
13909
27650
7666
31146
4760
378
3585
2646
26442
29577
23209
25122
13279
27167
22824
23070
8887
1389
2812
1959
26191
5706
1201
22503
30393
13782
14071
1179
17225
93
19959
17945
11410
30590
6887
26257
23184
20364
15324
6803
17191
11316
30176
17105
29900
4192
30021
31527
31107
1372
26681
6872
26121
15671
10138
2587
26962
13421
25099
4310
28726
5826
32071
82 48
27505
8629
27694
13734
19590
9277
9599
12342
11657
16987
28153
15249
30044
25713
30016
20059
28518
23138
30083
31892
22514
18012
17154
22801
2001
10741
29901
2861
839
18810
2766
27836
28709
22915
13577
17472
14130
10955
8227
28512
21711
18495
27425
4501
7387
15189
10867
6951
30165
27295
7217
15448
20288
18080
29092
6366
22348
14558
21000
20375
13234
2360
31376
10873
16864
11642
8107
2760
8790
14127
29574
25995
4944
21431
30162
25664
24229
4761
28871
32207
24303
26138
18281
7101
24556
4622
30986
8098
24100
31982
32272
23773
27084
5931
25080
23174
12523
19650
16027
29092
29883
13585
31920
7072
28242
29928
32147
1274
26241
1764
4677
14395
1277
24056
25523
29995
6844
5709
12347
2115
27554
10316
620
13925
15197
20985
17677
4299
8590
10882
26 27
26921
5143
3242
16008
32542
32765
9708
10539
13369
14558
19699
12371
22086
10084
4503
1802
25722
17670
25151
4523
25358
12577
7332
17305
4653
7242
7128
1328
3088
32227
26502
13820
3688
18412
26747
7977
29436
3356
18021
27195
7059
19760
21211
28672
21780
23428
9630
29634
30188
5088
19999
7872
15280
85 38
20448
11267
23751
21087
5022
31931
16908
6801
22600
18239
18486
18731
12909
2867
30830
27271
17811
17496
27778
18949
9512
6061
22400
10319
16827
23515
31876
9954
13932
207
1998
3274
2721
6825
32279
18604
15355
5077
13861
21514
9353
19063
4254
23491
4411
7437
25114
20953
7321
10832
17275
19575
8628
18522
15489
22067
23389
30478
31897
5008
918
20917
5622
25031
1862
17381
28387
21191
8753
1447
23896
10874
30502
8920
8395
16714
30842
4560
11848
28644
13494
7490
708
26683
23437
9571
28591
8144
3857
31823
5576
12082
21798
25000
565
19136
15670
24960
8659
14518
3622
6777
32459
26728
4233
12074
31846
3784
18708
26309
1314
27694
14162
16631
24325
8025
27801
272
6705
10673
3901
29796
19897
55 84
30705
5811
2366
2009
322
3470
13955
27588
11923
9638
3164
5401
8757
11030
19782
2032
11572
21197
8769
12758
3384
4325
26583
4802
16809
10544
19547
29259
15382
11795
9071
29975
28632
24983
4808
9879
1266
11453
31798
19185
12860
8466
18654
3390
705
14468
31178
24054
2661
18292
8613
5544
19915
21772
11199
12271
24949
19923
5208
12961
1069
17534
30234
5449
14500
13578
4327
15576
8794
32263
11733
24471
10685
1079
1143
25952
11157
13399
1375
6158
14239
22333
11744
14386
8824
27683
18713
18952
28349
32067
16942
11945
20849
8868
27609
23937
21919
10035
24866
20996
25408
1045
25450
413
11614
9788
22958
28135
19322
12856
21770
10016
556
14928
15996
21211
32521
6866
4587
2804
3017
28839
19048
10441
31914
24106
25523
20647
24079
4667
5377
20867
9581
17806
10492
11499
26983
8777
5900
57 13
18895
16853
8212
19282
27862
32513
778
11076
10688
19519
16541
28385
9512
21899
18283
12959
4283
12465
5540
32061
5193
29196
2749
6825
19739
32404
361
7712
22408
16152
17861
20375
5827
6343
15314
2138
12023
20213
18985
17139
26006
12828
23786
25165
23534
16417
5366
29721
22525
6617
30558
29297
3974
29132
12571
18619
10596
22585
17151
8145
26911
2138
10731
13663
14525
6888
22339
17036
1242
16866
88 89
7931
29067
30147
17492
6688
6834
32722
5600
21912
23093
25790
4339
10777
16840
23555
2413
27920
7667
22933
22209
15926
23898
26646
5463
21348
32065
29517
5935
13992
8015
5844
18376
10904
11410
17680
1856
10470
10692
23142
16572
12085
8397
28844
16394
20011
17288
1758
2693
11976
11210
20755
16185
502
23713
17583
16968
3681
26841
13529
14221
20616
25285
4912
4222
24853
31036
10425
12631
5481
26081
23324
29045
3708
4263
21009
31487
10724
3221
4373
19916
2355
20935
22881
27009
9094
22710
26652
25338
5467
31417
25808
26860
8867
15307
5147
31688
7961
24974
8871
23778
12497
31632
7259
30930
8468
16589
25555
20762
12139
26230
15886
10506
6906
21489
18023
31201
22031
22561
24263
29237
6139
17383
28696
1173
16673
3561
3837
18796
17740
25490
22720
14376
4166
19290
7308
31644
6310
15431
9436
26019
5353
20147
13619
17927
1732
27217
4110
10401
4281
5483
6422
16065
18921
18797
26523
30672
1065
28839
23870
3379
14423
29007
5357
1395
3311
27077
15893
29339
10969
539
14354
28642
21637
30421
491
8842
29498
22 53
16904
3755
32539
27507
27493
25292
1107
63
17380
2019
12174
15430
12005
24802
28877
17687
6921
17396
8027
18271
10903
4438
1363
25695
15135
11368
17507
5021
4189
2820
30671
19674
9823
20238
14265
3653
28394
7756
24991
4846
32283
11384
18981
19837
27210
11156
15381
31524
25395
5758
26788
25298
17496
2500
11511
5290
9889
7865
20709
15795
13638
31945
8959
25553
18926
5385
5581
7668
5145
15378
16987
7311
20411
5648
29684
9 66
2326
8494
27902
23609
10677
30247
7894
13477
21964
21517
22491
9649
29089
27108
14228
2830
31537
19075
7943
13565
26565
9184
6888
31160
32710
31630
15882
30221
11474
5252
25
16716
28175
25120
29835
6243
26304
11372
28116
17480
15126
18847
24793
16279
12104
4327
7336
24445
15590
27237
10854
980
4714
8313
27016
4751
12560
22081
15431
16985
7399
18268
22605
30841
21288
13556
4021
15865
31431
9211
9778
4103
841
20660
1678
96 86
31606
27735
21594
31885
29357
21973
26299
9247
32289
21054
9576
7062
3963
45
6631
22135
23557
20561
121
13577
17329
24674
1858
22260
10589
602
2219
31757
8277
17377
17669
26481
4889
2569
24431
30929
18273
5435
8697
28684
25439
370
19721
3843
22596
5798
30206
3497
22021
32140
14612
5209
11359
11388
17031
12397
15641
8370
29436
30476
25481
14266
8988
19011
30041
15654
19074
29783
16523
130
3543
3418
10939
1930
30779
24317
21924
12442
25575
15013
27878
22885
22033
30145
263
24042
21008
90
5047
932
26561
18923
14680
9473
297
26740
29629
12566
13148
13770
10802
21393
5789
22321
25277
22767
27078
25388
8356
8943
1259
6548
3119
16710
24378
25064
18351
660
11301
996
5567
4503
21444
20053
13514
29342
19060
8235
5070
30017
3013
2000
17503
28240
15507
27832
19950
19977
14450
30522
17995
26254
3664
10910
21353
30358
12373
25975
31330
19554
23310
15411
24506
5363
30667
25072
23784
11130
32325
5009
3858
32016
6532
14609
17177
21671
5120
12568
25301
9024
20231
31436
18338
6239
18782
12778
5659
7868
31019
4373
1829
4412
19 71
16944
15391
26783
26212
11449
32379
12260
10446
21267
8169
30307
7223
20072
11902
17710
19320
19451
30973
27724
20877
6575
31050
4959
14241
23501
17186
15748
31083
20482
19210
17531
9149
16807
6533
3848
16730
4933
16010
1688
2569
345
6453
4136
2023
596
18365
3171
9985
26598
21414
8970
25378
9596
28216
23961
2026
24584
20783
21800
14112
11008
6068
30607
10569
5801
9100
10189
23674
29589
25232
15787
9578
28522
2141
10396
22219
28390
4172
14824
29403
18720
7077
23049
6966
18449
15
11605
13038
4690
6731
15 34
25127
14626
28823
4154
11709
13468
17336
9579
9392
1395
9315
11546
9936
28871
21895
26507
6181
7187
12805
8749
13873
7520
19473
26991
21108
23481
7131
3284
5686
21470
367
10570
13184
5437
7642
11704
10092
2845
18319
3542
29086
26141
7689
5953
25875
14813
177
7375
30234
56 6
27679
10655
2369
2026
16757
2479
21020
22131
11717
17209
5968
27044
8974
20754
13803
418
6890
22588
18807
27675
2914
6504
26484
8676
7686
7097
12038
26593
23870
29899
234
30502
19419
20980
29614
28763
6897
9930
22562
7781
29161
9445
25098
19523
31954
24806
18709
12853
13560
18615
30227
15908
6072
20245
4194
15166
16274
28748
32681
7393
4992
29762
70 59
134
4535
21777
15406
29067
22219
1714
18680
31079
31425
5490
9492
25405
32002
8356
23004
7435
13669
31575
7794
12415
14765
3022
2397
15885
15444
16176
1399
11838
18567
25985
3590
3403
32625
2513
30249
17642
15036
6835
16246
10344
14421
30449
17377
1784
13168
12926
14047
14411
3789
10156
16844
22368
29753
10399
16266
8094
3415
25858
23404
8224
14752
22520
5970
14672
26025
21078
32021
6327
26532
29967
32549
10003
1322
12272
19568
7338
1592
6285
7046
12255
31095
11643
12539
4611
3520
22975
9485
11885
9439
19591
11399
24525
919
31000
26854
4029
17127
21256
953
29849
26252
6829
6478
24977
15559
19925
13962
23804
27488
4279
28185
28911
19947
9002
18632
27151
2378
13845
5422
30883
30835
13607
23186
26606
22132
22728
29449
24507
69 100
4319
25657
13435
13429
13112
2057
28340
16905
19959
1174
19698
31974
10463
11429
6322
803
14840
27949
24032
30857
32565
20584
12700
16970
6995
14122
22077
10991
14852
15474
24726
659
32589
30526
17017
3919
1581
3748
24186
25077
12927
21535
2293
25345
23073
22567
6739
11212
2390
11524
30344
3
26217
19427
11744
31576
30868
20522
6908
18295
22047
32009
8727
28220
32204
16721
30095
7203
24435
11658
928
26368
22506
4160
29042
27888
9255
11421
18262
24463
4009
16189
12876
20331
25108
17725
32458
19385
20507
14741
12472
10823
29602
15528
23743
2994
3876
23066
9923
28633
8275
24802
2478
28305
1535
416
19568
26779
15673
10032
18500
17619
31160
15743
25652
3497
7548
23197
27103
725
21424
32276
6010
29511
21205
23161
4885
29533
2589
23872
8991
17241
15893
26836
20525
31250
22663
29928
21495
18410
28575
2311
31139
26111
18508
17779
21319
1446
22505
28204
26793
21525
2333
11343
17225
26207
18432
31137
31649
8614
6527
27244
11179
29579
16897
18826
27300
28394
16203
40 41
8389
6560
22348
27646
12669
20525
30912
14989
9800
25765
9746
10415
22239
18985
22253
7213
27511
15210
331
235
30451
15377
9541
30062
344
18783
19241
8347
5761
32272
10190
5313
11540
11654
23332
25562
31156
14883
32015
18702
632
10999
27766
2937
1692
17563
5271
32302
3703
10588
7325
16764
14253
17564
13684
10608
4518
1398
31196
28058
7743
11425
5308
1556
19135
12695
8633
22977
29964
758
31752
8659
20767
9766
28544
9872
17077
31292
32756
14677
32583
35 40
4059
3133
23016
18080
25785
27999
15247
9673
298
6028
14021
24114
5137
31662
16412
31795
31290
15853
31597
9042
23523
27939
25979
8538
17275
20112
16596
14253
4521
4560
18936
3802
29328
265
30397
2162
14418
361
17650
25368
16082
30672
23619
25816
15551
26057
1884
32698
9678
21183
18514
9366
582
21870
3134
14377
24514
20887
16939
24169
16178
15864
22834
4118
9252
1659
27107
11922
10562
24238
3815
2546
15899
6259
12516
14 23
21241
18849
1396
28931
5610
25195
13691
5125
11494
20919
11800
11502
22321
31752
6865
28153
8104
7187
31130
4894
28922
22049
28839
12433
14868
6838
13951
19084
14045
7280
16466
6734
12580
23857
10892
9316
19926
62 11
1063
14965
301
16716
4230
20165
16436
6028
15877
30409
29412
19087
25094
30957
12865
2649
15175
27781
32166
18662
25517
29814
23215
27254
3904
4659
11349
20520
15478
9452
1371
28874
14772
26882
31210
29680
9234
3005
13432
835
17247
10049
20974
17948
26469
15038
18697
15186
10861
29416
24832
25936
15622
22183
31592
31850
7939
11279
13653
7025
27075
10642
9155
6788
4021
18292
12084
3114
13594
17792
21146
4254
1549
87 59
29546
11713
14036
14658
18231
21259
28196
525
29668
15904
18134
25189
27349
2975
22686
2681
30094
4306
20017
14975
21120
21809
2229
10324
5154
17703
6006
26722
30276
537
22490
24007
7585
29605
20887
30132
30131
32295
8995
12818
8395
642
4717
18284
11872
2845
5578
21001
2983
18987
26930
26200
25189
19760
940
146
23042
2496
263
6042
28382
10122
21451
22312
21480
11158
21359
17702
4716
26827
31436
22106
23596
22964
27346
13894
17331
18308
1402
17996
20198
25175
13563
6166
6108
11962
13121
26421
28655
27758
26011
22024
14611
23145
8372
29152
26983
31774
26820
16993
27914
17406
519
26668
23088
18239
25967
3771
11125
24284
28054
13707
29809
23005
20470
5249
17548
9432
13916
8071
11283
2744
3226
28022
6028
29373
22140
1592
30023
16324
8702
23598
22838
13513
27068
29903
4862
682
31658
1170
27214
25389
14341
526
30064
25925
99 93
15902
20113
20453
206
10390
13862
8556
31658
20721
15502
12557
120
21168
1296
29573
21843
11928
21554
1747
7564
17088
30589
2797
8085
2280
23168
29361
8733
3852
27928
24862
9341
24121
16110
26308
30291
17312
29760
13177
29292
12265
30693
4174
24808
8393
3723
13762
17560
18647
12100
21045
6059
27035
17729
21663
15242
5096
16092
20353
8192
17004
3548
2076
26014
646
31989
1506
32606
8023
32399
13866
6022
796
22729
30759
15311
17083
21180
9499
5319
1947
18180
26824
11380
19385
16253
32295
2106
7161
32330
9309
6654
21690
6172
24555
19596
3244
944
23589
12086
8678
17050
229
1214
7475
1858
4224
14711
24493
31788
25081
1190
20110
4220
2933
14638
28994
28089
4335
2413
13761
31441
27437
16993
20251
4189
31475
16911
25172
16935
15478
11557
30067
25065
20243
10206
21718
8024
9537
5670
25288
26977
28869
9983
1366
29875
7973
12067
9822
2941
31326
5866
31208
2681
16857
24431
32441
12073
20380
750
27942
7009
7614
13425
2087
12805
16413
17068
1196
12564
9811
8741
31540
11493
14821
25240
6043
20657
11454
5017
31539
2130
3036
23675
1303
30538
27210
19313
29884
24839
14414
8179
58 15
6883
5219
3113
15477
22377
27377
2910
16509
10140
16828
7192
3392
2499
29241
29958
30079
24873
32729
17388
1983
31441
23014
30710
32589
19046
29870
1612
18048
29553
32228
23782
28222
29391
12355
30626
16065
31841
2676
19347
17819
24837
27954
31900
1272
4293
25772
4414
10276
3407
8491
6319
24909
24741
25332
30508
21641
27670
23920
19599
13339
9069
21898
10532
29170
2152
32601
1209
10866
31340
24319
11252
11383
11894
98 23
17047
25429
7352
25580
8616
9751
14550
21924
8322
15041
8045
11106
7430
32067
7165
9392
12896
20138
13229
31020
9352
25240
3308
12695
9487
241
31320
5929
21784
4056
11487
11559
10405
31194
20772
26808
3860
17512
7204
6901
1257
27275
2841
16703
29389
20435
23199
12245
32215
24465
30997
19109
11531
11333
30790
16483
2080
9050
16968
31705
4999
10513
5541
16254
19880
12476
3257
8009
4463
9516
13403
19655
519
13676
30144
26988
25573
22960
22427
21287
1801
9352
23177
7992
9856
13401
29869
14150
24878
22798
28823
19628
12234
16907
13163
5653
31786
18530
11839
2888
15809
10570
32452
4933
16230
17613
809
22672
29270
13504
25916
14285
29309
20472
24787
31885
8177
28091
18794
24680
29120
18 78
76
26091
18092
25209
15380
12978
25910
26750
13404
7442
21930
3239
23188
6285
9748
11037
18260
5161
7917
27081
19183
6331
30794
26809
27723
7269
28499
20933
18928
12126
20471
2930
4446
26097
18142
4886
164
9161
3999
16957
9774
11371
21300
844
21215
7428
19115
14692
29280
13157
31261
24457
15799
1612
6116
8964
31771
4837
29705
32005
17926
17296
29692
3981
32397
21477
30344
18827
30445
13813
13317
5702
28774
23763
28368
7162
28748
4180
2040
19910
6747
11794
19514
21701
1355
31671
3376
5244
15780
28280
23237
20084
27348
3039
28908
10535
71 83
11666
7713
30230
961
8912
4959
9899
4947
6502
9211
27395
27140
5989
23563
1005
22073
16171
27590
23251
28036
6804
5608
18063
3622
9839
23896
4735
6610
12847
13832
31708
19892
26595
15645
6471
23474
4201
15441
24741
10482
26590
31893
16173
21916
5720
11258
30655
29153
8408
23249
15224
1084
26234
21521
12419
17655
32239
21754
23346
13042
1837
26616
7501
26016
17765
26314
16298
16466
5430
26595
14845
27320
4896
6929
11506
12964
1595
22876
17017
15122
25385
27697
26721
7270
31561
20416
6441
23028
11309
29858
10003
20677
9039
17599
15737
920
2559
28527
3172
26664
11680
16607
21083
6573
30740
2231
14457
5285
19573
21497
13507
24532
7174
32300
26296
18058
18281
23995
8745
2084
8210
3992
7242
8405
7675
9764
28426
4007
7577
16211
26272
15804
14864
17931
19814
27354
6051
25294
10731
17191
12910
24473
9027
560
1367
780
32674
18224
7490
9930
28970
32400
27780
3363
73 95
29338
14833
18597
26066
3100
21183
31108
24471
32492
18993
21191
1862
5811
23200
3439
14768
25998
5124
26276
14381
32004
279
16457
5857
13116
10167
12244
24638
18540
26764
28509
4554
149
492
25844
22051
1390
14843
13368
8256
9373
29719
3622
3065
15917
13683
13102
10186
30525
23809
23436
3028
1269
4758
31189
25124
9151
12617
3024
17464
3763
12572
28040
4543
2898
21470
25247
9377
23928
6479
18917
1599
14220
16006
12073
2556
31482
19600
12112
28924
23779
31322
25252
31532
17171
26064
16750
2434
27955
26695
14022
13702
15935
2584
21930
529
14907
22926
25678
2388
3106
10499
12723
19485
10272
30789
27003
1622
24064
3391
23036
11470
28648
32725
24723
30781
324
15631
28730
8578
29184
17786
26205
13102
31226
10955
8682
5190
6327
4294
4264
12357
11605
13662
9929
24673
19136
17438
29890
31247
7209
30919
20314
9929
28084
21819
15873
26895
11633
28313
9060
29356
30862
5546
21566
12346
2251
24188
4209
11752
5677
19276
4693
14715
247
7849
10320
26003
87 60
3239
21040
3676
9330
28563
24180
30639
13907
26520
10155
22915
25784
15378
31112
11077
31134
15889
5041
21913
1138
9062
26751
1543
12009
6142
14590
27377
22829
31087
12860
27593
16697
28881
28608
12673
14726
24271
1880
4930
13031
19965
536
15200
7601
24429
26271
6286
26144
25981
14492
28494
4086
8434
4497
8108
13669
21579
14039
29484
27951
8527
20707
1793
23564
25833
10183
9855
30028
1333
2299
10707
11965
26075
14942
11506
11215
30364
7800
13007
9206
4138
28162
2257
2128
4925
10920
32388
11400
32227
12045
17807
30458
27415
16
3558
23576
12438
17230
12864
10508
3822
32487
2252
24991
10200
1670
11295
13657
11975
14747
20593
20457
1985
30443
30986
2248
18542
26955
8695
13850
20335
4520
12801
9941
26096
12875
18656
2084
8065
32603
15787
14862
27681
14500
24979
22355
4252
4246
23249
29846
31000
1169
11229
23233
6634
2656
15073
51 67
14083
28013
18402
1942
17073
11372
16647
25858
3613
25687
31482
337
3321
21928
8601
20727
14776
18834
28577
8400
30361
32495
14287
2741
32737
25466
2374
6220
21351
27966
29489
2084
12630
10318
11177
26881
6703
19639
7641
32628
28173
28851
9056
10671
4397
11039
27894
13720
14765
14895
24147
23836
19092
609
24909
23750
24595
31151
29760
22672
28939
21257
30642
761
10702
32258
32567
14935
25642
20170
10643
4207
24740
25180
17439
28739
9473
4856
15726
22059
9227
4308
11055
20007
4753
29455
26453
11380
3504
21734
2166
13405
30289
21290
14705
8532
9715
32241
13396
17985
24747
4749
25725
14106
10344
4538
29695
12468
21884
1563
18503
13017
6232
3816
12799
154
18583
737
55 63
9535
16262
1713
2396
27203
30857
14262
1374
24396
7044
4296
23399
17336
7144
25310
22174
15331
15157
7623
19115
9126
8561
22217
4041
27166
22995
8841
1308
23215
1983
17962
3398
30536
26615
953
14645
18408
29199
1481
5438
17249
11809
11866
19568
13660
4803
19712
5666
17821
32566
65
8655
1160
9696
17982
29988
8420
31484
150
28758
10976
31633
28551
27833
2131
24736
26710
10639
32328
4770
19185
31517
29626
28978
31444
28677
20892
17158
24361
24783
9245
25123
11827
7625
24873
30801
2028
12049
30771
24525
9197
23280
3890
31807
5775
26217
4329
8171
29008
17426
28780
20779
17016
9507
17888
1053
14332
8397
10370
7321
27042
26061
27115
19558
3686
10816
5778
8621
77 98
24466
22957
14424
24977
20909
19377
5515
2942
32145
63
12142
30311
30043
18579
15268
17783
17242
27212
31643
15729
15893
13156
20659
6211
23951
2661
23458
14045
30153
20186
11031
9539
31369
7684
15773
9441
12378
20431
23234
12576
28372
16388
1913
12854
22557
14272
6590
21058
10672
2853
12152
10392
2653
16207
3235
12121
31121
19594
9390
14152
17368
20674
21282
19928
8352
17979
1925
18826
23872
4738
26750
28789
14649
419
12858
27942
22459
412
21517
1451
27243
12818
4445
18667
31075
7235
10684
9785
27770
10044
19540
9000
14790
7243
23176
9120
23904
20408
15832
30769
32359
16816
21765
9896
25928
19330
15478
8416
10044
11534
30171
24027
11026
3705
13072
2321
27438
18982
18500
15368
6354
4834
2394
30245
1180
19039
5775
18114
28752
7140
23646
23937
11736
12098
19105
29919
12169
2058
1784
19212
28072
25853
7790
7418
17709
13252
31322
22451
13254
27874
7300
29681
5407
27622
26249
12264
17761
6117
28801
7015
19705
28711
13022
10783
31130
20769
1943
16450
2181
1443
18055
27985
17928
30803
272
36 89
6490
8451
10105
6964
19549
28356
5402
11243
29359
17065
21529
4381
26053
26020
18870
6881
30186
25890
4790
25525
16691
24114
12795
5315
30390
1002
3415
16227
23031
25862
11426
28640
6819
13523
28426
23935
21633
6988
10923
23485
19365
20610
27232
28889
14567
1857
15832
13714
14995
27376
20460
25138
15714
13497
14127
11467
29097
7146
13511
23745
8401
9627
21884
14216
30471
6034
10511
10927
5428
4707
973
22302
32560
5851
32355
24988
14899
31391
10228
11412
12172
4113
7785
24344
10133
1395
265
23846
28902
16207
29001
5418
1993
12822
5605
18117
20974
32519
21551
9933
16992
22610
13223
1173
31160
28798
8141
21614
13969
30984
31795
17261
10811
29773
16086
14447
1460
24233
1198
26203
21203
29409
21636
21415
28103
19 29
31518
12992
29947
29459
27104
13292
1378
4451
32426
2981
3121
25156
11863
7913
20418
29373
29095
25610
2923
30171
16448
422
25252
31561
15602
23002
3943
29729
30527
21939
20445
31234
26139
1253
22326
3171
32752
26048
17880
14374
5093
26975
27837
23920
18528
2083
24598
1977
90 29
7477
3103
15506
26965
18345
25088
2420
11362
16811
27079
21243
26229
9145
5638
19780
6086
22400
10950
26886
30660
23039
1819
18127
11086
26858
11515
28560
11047
8012
31567
30300
28324
17777
20043
26477
11944
22531
31227
10344
21714
2675
21279
11745
27381
18586
14905
10786
7881
31649
23780
6440
11744
5662
8551
19951
19931
11135
28810
25840
25821
5804
20905
16359
9792
29672
3334
28377
26503
29176
18531
10838
16788
16008
20945
17148
21020
4554
3267
10812
12631
7520
13670
30817
28668
25212
28213
5069
12652
13126
19400
23942
13869
25470
21228
1778
27291
27746
7417
29919
19930
2002
5728
21446
17679
1714
2948
16721
11984
26256
30667
12058
19161
27270
19188
25270
18944
15202
6315
14066
64 54
26202
604
17408
14089
2883
18182
26909
18087
22220
3974
16265
8151
28953
7489
5547
24504
10720
19434
14330
16947
10617
20037
19125
25819
14389
10289
27604
12568
4081
2533
12606
12677
27627
28794
22332
22166
19156
12202
13102
28286
5926
18647
15997
21584
10679
13134
19920
6756
23183
31182
18563
13308
5110
20804
29781
25127
7122
3289
10592
26598
1840
4910
591
18830
3105
14566
23755
7021
9671
9318
15926
9136
16047
7896
28828
21380
21857
30326
27622
23420
20278
22021
24401
24371
28010
13727
28447
3122
6258
18614
31373
6164
30096
3414
32260
27112
31396
24746
26003
29398
29765
15554
25501
31238
12816
915
8143
24509
19776
31552
21077
7113
15744
24472
8014
31520
12285
11487
46 73
21694
2001
31553
3561
5688
26340
30919
13658
28445
24782
9854
24089
21110
17479
24779
22853
23025
23824
14847
20289
11900
2612
18310
10259
24338
2446
20320
21258
6613
7307
27094
12708
31582
27185
27493
10670
26705
16992
11007
8877
9524
9816
30835
29309
8321
14972
22313
32056
8953
1366
20754
3162
23100
8154
30175
8482
29079
15087
23153
17979
11549
7723
11409
9371
15097
990
12002
24492
12034
30291
12563
31913
23696
4690
22617
22859
654
21225
19485
30118
32209
19053
6898
5453
30120
27835
27593
31677
14005
20163
20328
18425
12283
32584
17944
13169
17975
23777
19870
14376
29044
3396
2925
25110
22746
31171
26394
20428
24775
29975
10512
9814
24353
28253
29061
31845
27114
21854
7085
75 17
5139
24877
24461
11415
16745
20946
11246
21442
28993
29571
20333
31438
17851
7796
17852
25017
9652
27037
10053
26450
15501
15211
18193
16272
10030
21173
26601
25639
29259
23537
19643
29533
19942
26280
10303
28954
6678
20263
12249
7743
12550
28792
21954
23097
4672
12944
28259
17110
21292
18634
17665
1623
30931
13460
25503
7110
7913
24680
4640
21898
4107
26367
20653
568
13125
23233
20822
4012
29399
8575
13564
25689
57
14436
3950
25309
6492
29737
30418
19416
13107
4489
8775
29183
11634
10741
23496
29804
29590
24712
18771
29496
70 58
20811
29260
28471
23648
7708
24180
26933
4162
1309
26806
14049
25393
21690
11233
13718
29607
19922
20584
27345
29890
19550
8817
4593
5364
25428
20010
14139
15612
28619
13916
1057
15125
26463
6466
8388
11885
26071
30619
20151
18136
15877
29182
8454
11462
4590
4206
30071
9587
13867
10286
4879
18269
25743
21462
4568
21243
522
12711
28642
940
31693
23580
30600
27886
32687
20673
23284
14288
5072
14664
10470
21674
20860
19162
32432
29963
18258
12203
7046
25075
18085
11985
14580
578
8226
1622
19632
9585
5043
11148
6034
26240
30628
26016
9697
15151
23301
30322
9424
881
10063
17828
12616
11550
1354
16882
1000
16360
2349
27841
7755
26000
27143
17402
23945
16986
18527
32280
5632
12734
18455
19584
7252
15200
407
6161
24500
21570
24 46
31071
16440
13211
727
21863
10141
29494
10733
22709
13637
32713
28375
10318
20658
24347
19280
30165
18571
14989
17221
30032
329
8958
10540
24623
31796
19437
31895
10634
19086
477
5897
18346
16654
24574
6920
14027
32656
2313
22899
6432
8458
26476
8470
6168
10178
14503
11388
27360
31166
26614
8708
9769
380
31792
23095
14635
18148
7407
24665
15337
5243
29425
24894
29367
31961
26558
31840
11002
21597
88 55
21808
29471
4191
12966
48
21286
23924
21285
6578
24284
21984
10878
6161
958
32628
31818
29008
23896
20197
21632
860
3185
29225
14406
20880
3715
6692
22790
15230
10606
1924
32195
4333
16236
24298
5806
10014
8008
2122
12020
21332
9419
7572
12507
28306
15736
11412
12301
18087
9593
20503
11827
8296
28888
25679
3526
12093
13554
23160
10018
9695
26153
28604
13277
17503
15834
19284
1110
1899
15503
18417
13201
23757
7285
27738
19778
308
18448
22358
6695
27447
10541
8908
1691
26519
25624
553
22377
19140
21264
8194
8414
23459
22008
32507
13346
23439
19023
25063
30408
20382
16226
32560
22691
28453
15040
889
23515
23422
8431
10115
25409
1288
5725
23885
15072
24944
27801
22656
3796
22319
28611
30217
17504
596
10306
18184
26938
13956
25780
17129
11561
25151
8235
25808
6610
14180
6294
14395
31951
15608
10621
6371
39 12
16114
10723
27689
19067
29892
18459
12722
31622
13813
31703
21456
29561
28782
11692
16846
10566
12530
8867
10916
21974
15185
922
30408
22163
29406
29670
5190
6442
10018
31549
18707
29839
6354
18132
32670
4929
19199
1476
16809
21199
29837
25778
21847
15515
9702
27823
12422
31710
30447
18781
13918
33 97
14931
29482
25018
10880
13251
19047
6045
17223
29274
19227
23124
15847
1640
7785
24649
8627
6721
17505
27668
7795
30691
4893
8001
9233
4569
11273
27219
8853
4959
23426
15880
1619
15302
5795
25055
17507
2330
2907
5080
2898
30211
30403
21883
27671
20201
13743
2587
3913
25179
17284
19036
19087
4274
6985
4339
10839
32497
12032
9389
17355
28912
26934
25523
25344
3770
27865
21516
26993
6451
1866
7523
28845
20990
2227
20491
1356
6813
30363
7488
3623
3802
19639
25776
13257
7782
16387
15162
23584
27073
14354
20213
3704
26201
29346
19572
21419
3574
1396
10568
26257
7509
12891
30663
18622
9747
16786
10252
3949
30670
22098
23103
31927
9350
29092
9751
14601
9289
6005
31644
16596
23567
18920
306
23174
3043
20208
4819
10426
26691
29725
77 36
25290
17590
6795
19695
26124
26121
12167
13410
2242
3583
13728
7520
31783
18419
28057
23863
14753
31684
25507
17371
13220
27433
18284
9180
3539
6469
1368
5782
8297
20604
1294
20648
19160
14980
12599
6823
22960
16063
11394
16915
961
6856
22508
5769
17028
26956
3646
18235
2487
2843
14551
13470
8776
9854
8619
2658
11380
12492
9868
13735
3376
13880
12713
2926
19144
21485
6996
13133
7366
6237
22792
10856
13077
15829
7594
29340
30822
29525
20239
16893
21459
10144
29887
18051
11714
2703
1016
20992
15373
14506
11510
597
22880
17657
3442
14822
27618
5400
27753
31819
7959
17290
25374
841
29957
31823
5986
8192
29333
1977
27411
15461
27453
88 36
4339
12252
10755
22106
25246
9445
6154
799
23817
960
8297
19827
23800
19309
17966
27646
16136
9323
5359
27854
1694
15320
8030
2461
28957
23001
19486
4434
18780
14140
25813
2763
3927
22108
7043
29914
18468
25413
31250
18317
2601
24345
28718
6835
6541
6835
29526
5531
10476
17545
25907
3103
4687
3543
13353
27873
7259
11002
27181
25813
8136
13081
7638
23552
8469
8971
31158
12159
12922
1909
19946
19658
12831
4659
24560
4666
14475
7930
27833
6345
19295
27451
4351
19226
10308
1354
3033
28089
15394
14015
3981
31907
6803
28189
5285
521
2455
27569
25413
19025
30089
13757
18107
6494
24913
6102
8024
17681
9948
12683
18046
22799
7113
22599
30971
10181
28261
20601
15253
27818
20186
8689
28134
25540
100 58
32619
31342
28739
23062
31447
32088
2359
9829
23469
26575
2089
16074
25101
14399
30054
16302
22734
28150
29586
8054
462
5162
11931
12715
7302
32318
14059
25944
15074
6465
7394
17076
22607
30392
24707
27649
26389
29853
2413
9652
18407
9895
31501
10710
24504
25804
22803
19114
16337
8965
4130
10384
5153
30289
22220
32553
19412
27388
15037
19900
12327
4129
3638
24281
23930
23662
18878
29500
21158
20519
13844
5107
2706
30829
29287
20420
21505
14273
10953
26569
23470
30660
4834
12125
7323
10304
30945
9020
10918
12140
1208
31717
2909
12140
30601
16195
4371
17688
32603
5517
27700
9214
29458
25963
26325
13226
2718
31578
32399
4645
26482
16465
20622
8123
312
17317
3045
30721
19139
7210
24100
31767
9029
25755
3629
21035
26562
22331
14659
32318
14532
19645
26212
30763
18513
8801
25561
25317
17434
19297
8971
18688
12277
4491
1688
627
17549
18735
22182
10140
9816
31803
20344
13700
2250
20645
32319
18277
54 86
24626
2409
4448
26260
30688
18613
25015
26400
19653
17574
835
12960
2332
9562
18746
11455
10741
15219
10826
30660
30087
27927
2442
27065
11207
29755
2993
23756
9530
21026
19590
24309
21511
7200
2199
1241
23376
1444
3886
25583
12482
19318
4225
30689
31851
25660
7209
30517
10956
6723
25557
23340
25904
29308
5696
7914
25660
1221
26208
31192
20678
10602
4833
6471
9963
8172
465
7510
20315
4865
17565
23829
25336
7643
6204
13802
19616
13997
13738
27188
15686
8812
1688
21295
9800
21971
4706
27160
11772
26537
14145
27793
21132
30790
962
8262
12037
12884
17526
31185
5802
18643
6635
10971
31374
5727
10972
23428
19810
16822
18085
4869
22923
2933
3065
5012
15736
10530
26583
11657
562
20847
186
19902
52
23997
25105
19259
1662
9440
31726
14355
30693
29474
19202
14729
21165
17290
15561
11127
6 75
9218
4849
15298
16614
20834
9253
13159
29299
9353
24453
7684
10912
10549
2601
13158
27864
5302
1390
2941
32024
14242
18916
15795
20982
14281
2407
2684
26595
9835
15499
17198
22957
18089
7998
25620
25160
6202
24744
5309
11213
31327
2646
666
4035
31513
25240
18889
11422
9881
20007
24619
29829
27384
29963
14012
6488
25640
11964
1316
31218
9259
31112
29577
29867
19330
308
5800
17185
1513
30950
29220
17209
16193
19523
29981
20832
9422
27604
9477
6167
18082
11 12
30894
27993
21330
13737
29007
30727
20946
27084
9279
22127
8501
19217
25697
29558
5661
23463
27388
9175
28839
24642
6845
27927
22419
38 97
14524
3749
10947
7755
18362
27722
21810
11035
31278
21119
4386
30180
16206
12015
9117
17747
16800
18011
12655
4566
9067
20287
32568
5470
24428
8115
30655
2148
8649
29327
27785
12330
11595
2002
17579
8771
8391
9285
3548
24917
12509
13403
9166
14110
10725
5724
25023
28597
20007
20418
4683
23058
25674
12772
4484
12753
2576
12753
21828
22067
8000
30591
20418
29286
23779
26661
24676
31494
27826
12261
18132
9443
5328
3758
19542
14597
19381
27745
5977
27117
18538
30770
23883
3614
25340
22354
26290
25564
22827
9931
6521
16948
19298
21675
32135
23356
1516
5220
28567
29596
27236
29299
30275
13133
3437
19264
28001
29601
23716
10565
31635
11908
24787
20083
1562
29441
28776
27857
5867
776
26149
21095
26885
32366
12312
3162
3841
16181
19150
17752
26603
19214
31940
25398
22096
85 43
10200
28056
21243
14491
22866
2454
27649
11209
13644
1118
16835
373
13227
32343
6875
11878
23662
27793
12521
31563
13525
24920
9944
12785
1993
17161
13411
10937
3448
25892
10967
20042
13888
14243
14106
24451
7374
138
1260
8627
25479
21440
10093
12045
294
15645
27359
4950
16551
20676
29614
32481
30821
5555
20141
9661
15487
32408
22179
7981
4223
25830
4870
22872
23614
14889
29702
30018
10242
25495
4046
7931
25578
29671
17670
13847
16012
14182
26268
23133
20188
17991
21700
12484
5456
4410
10045
29851
6209
7233
19670
10503
8085
23487
17458
32434
21403
26578
20936
16834
17206
31203
22317
25608
5438
26748
12182
30586
26915
5465
13721
11492
10963
449
22067
10970
24030
32023
21775
20721
9176
8620
9733
15151
512
5079
32738
6591
83 53
3175
12521
19122
20121
22932
5442
10826
14630
28710
30752
4660
17183
13150
6225
19541
15323
28164
11021
14425
18031
12460
20776
15373
6272
25912
27788
4872
6997
15262
27111
16785
9008
21483
21153
11965
12511
18824
15121
10712
29070
956
24816
24326
28895
28531
3598
32554
12605
1598
4931
7943
7789
18074
28585
4518
3685
373
30728
16887
17506
8430
4754
20410
10805
19549
23249
29600
13277
3475
16861
28334
8539
23395
32466
2275
4802
11617
25473
25370
8846
31977
26982
8242
31286
22371
2779
10603
5381
26054
15498
4627
9509
3419
6952
24163
20221
3524
8545
12708
11965
16444
31246
10133
23606
23584
17070
23825
24816
25775
21012
27629
21622
9230
22365
24096
4853
22414
25893
23590
16901
28978
15611
6822
6087
4716
28433
19282
6192
9256
8760
5390
15524
12299
6156
22357
14791
18 49
15577
22416
16613
30510
24938
3999
16819
11024
3865
26064
28580
9457
22173
12048
30401
8257
1782
14959
30122
23990
18512
4215
3985
32064
24105
15548
24457
13376
21686
21941
12545
13301
7555
14026
8587
21558
24411
8366
4067
22119
32103
13295
31788
21670
6553
31180
15740
12613
5708
28486
12443
6781
23332
18042
17416
30304
24892
21037
1341
19216
19072
20393
4916
30511
2135
712
6698
19 95
22606
15523
28490
1873
635
3502
25259
31202
17377
106
24303
7151
23668
28873
15567
23960
19680
10644
30080
1678
25631
2992
15589
14202
19274
15007
3075
6813
943
29257
12213
1971
2853
27133
12193
7966
6812
26803
8554
8256
13048
28308
15400
32553
27680
6076
16405
32114
14929
7230
1672
19048
7609
4456
20008
28270
28737
20553
5977
1436
17834
9585
9467
3500
4571
11768
30036
19223
2425
1474
18250
2427
28857
11008
32726
15168
19570
15098
949
15483
10615
27661
22881
15634
28195
26863
10047
5666
27189
28987
25114
3741
6366
25385
16336
21304
18713
4764
16971
9604
8251
4451
28339
1626
10955
19640
1250
24445
28563
9229
19225
28795
14583
23817
82 25
2182
6349
21652
10590
26831
11899
22828
3816
4470
3833
30108
6174
4487
5618
15471
23725
29705
27678
5645
15271
4823
24260
18997
3880
2987
20605
15783
17210
2940
10042
14369
21494
25610
23432
18061
30444
8119
3347
3449
29637
1944
16489
8135
28711
20428
10753
11686
13017
24076
10876
8129
8744
24196
24618
29366
393
6881
29136
26313
12927
18348
30377
22490
31935
15318
8106
20884
8595
18068
1546
13288
15996
5997
17154
31673
17179
27792
13522
985
32337
31596
5380
21045
1702
18299
17396
17740
487
23390
28048
13798
4115
6191
27485
24834
23929
3859
1979
11792
8218
6414
1641
9568
1108
8476
5707
10971
51 30
4203
20721
10590
11600
10303
22482
2536
2915
28970
11489
28556
20298
23876
32357
447
11182
6494
14210
27242
8424
27201
30825
15690
22222
28471
24267
28310
18637
28109
12947
7395
30777
2774
19156
12870
6368
5299
16128
8376
27621
17106
14428
15806
15564
3701
30640
329
13521
2229
25411
11226
30846
20934
12550
6123
17276
5500
272
14987
30378
12558
31818
5960
19564
26139
19308
11089
10054
16106
31272
5084
11945
2038
6820
29638
11788
682
15662
23673
27199
13673
41 92
24828
31953
15441
8901
9920
16961
20759
14712
22232
31640
21865
29623
18879
22592
20639
15049
1447
16236
24496
29
7510
925
10915
11500
28979
28523
20039
13593
1697
3970
3620
20828
27019
24043
25265
9375
19520
12941
14280
20648
22914
7411
28502
15865
27865
2895
31831
6900
9518
25279
10754
22083
1428
27856
25408
6263
6249
15937
3683
239
18590
31497
20757
10748
25939
7066
20622
14402
935
5992
16907
31074
13006
6309
24443
21974
13924
7503
5243
6684
15104
10605
30596
23318
14605
28310
25443
31153
31189
3250
17642
2501
29407
20485
28902
8252
27515
4201
5713
19575
8347
5594
8392
16621
23268
9784
7999
28437
11013
8265
755
6791
16456
18430
19104
10078
3430
10231
28148
10208
12192
11336
7492
28001
19467
23166
10623
8292
22316
19165
10336
9220
31428
57 72
18578
3565
12596
3081
4480
21350
6724
21927
4733
29228
9976
2493
10210
23626
11259
27100
3661
6129
8843
9946
7563
7883
23164
23240
10940
18317
3456
24356
21937
28108
14245
21328
17817
19473
22815
26435
6365
15407
1352
15999
3144
20948
25317
32578
7531
863
427
25089
11328
21745
10498
21778
24589
14791
1032
2217
21387
8135
20185
30469
19528
22872
26894
15595
330
22903
29059
22100
13557
30216
20318
4963
9775
9321
19532
22937
7361
25677
9230
1356
5376
19656
11573
32597
20142
28582
32553
23306
17179
1793
14704
4204
18063
8467
20525
9889
22764
15944
487
25252
27024
5527
23180
20027
4729
29459
26550
11049
3756
25789
556
9893
28631
10653
20652
24844
22325
5905
26600
7635
13746
26724
11214
12223
22352
11426
22028
30040
15817
92 77
31131
3702
13191
31964
3311
5999
2809
28074
27226
12276
28247
32526
15605
30731
22936
26864
6557
15211
2735
20043
16620
31641
29464
14458
15719
25937
26544
22451
12793
13607
713
11473
27809
20334
27774
86
4455
3929
32068
19120
29076
4448
28354
29115
25378
31973
3811
32648
11378
4376
10537
13917
22589
31000
6724
9724
1485
11099
16867
9768
2413
22607
18122
23142
28958
11329
24868
8961
16779
26751
7963
8016
32575
6073
22439
9531
22550
25005
16291
20988
241
16900
21798
6179
7086
9846
5392
28381
14680
14389
12003
1653
19610
21641
10965
9755
8314
30903
13859
5861
10052
9512
2471
16403
13763
31687
7853
22679
32439
7595
9731
20949
25220
3062
30031
24487
26408
4093
24229
16804
27759
28329
9817
12706
28778
27421
2834
7033
30749
23704
5152
522
28792
23453
6672
13696
7049
19026
15741
16086
24047
15399
16425
9370
146
183
29772
27888
14993
22003
13867
217
6012
1405
9197
21685
3524
29010
1962
31239
22895
21420
10182
32377
28432
13863
29053
15392
6903
35 35
32512
8357
23656
20541
9171
28291
1552
16580
5126
14803
11425
7881
17157
5862
1914
10054
4280
24975
20593
1221
13645
2521
11707
8634
6713
6389
29452
29974
17529
630
32254
32025
13342
5569
12727
23656
23816
9150
21958
19807
7410
11476
23631
24488
21167
11029
21352
13325
31410
19637
1474
10890
29908
12993
3724
13991
22354
2061
25748
19973
29461
1135
8368
9526
27959
12330
860
11985
4546
31661
65 95
17339
32638
16709
1008
11871
30833
7183
20969
7084
21533
8845
25890
5155
24976
28136
7987
11213
31298
28937
26991
8316
14152
10494
13244
11603
1738
11423
21922
14216
13751
24433
1441
14441
16823
19402
23240
2205
1890
26678
3203
28845
8367
19482
25781
8899
1967
6039
6150
433
20859
4785
30847
22836
5483
18353
13908
27514
21640
7367
8960
30691
30020
12532
10903
7941
10089
39
30552
18418
17488
4775
29570
27325
32595
15280
7530
25658
31364
11105
25033
14086
5024
22486
28762
24007
32062
401
16037
4789
30796
22302
11541
12378
16828
31734
593
3989
2171
30373
12489
1765
32675
18984
6799
28388
24817
16025
18281
20498
29561
7438
16676
7636
27288
25278
2603
8893
12587
12133
25176
523
29950
29418
19977
29301
1672
7743
4983
5668
24789
23434
8771
5119
28099
4482
6482
22059
23153
13851
24283
4562
4085
13413
32446
31780
9293
27057
17176
20636
22424
32247
15124
3205
29063
7028
9220
956
4878
18839
26800
84 76
28446
10989
29126
10008
16253
2930
28057
9403
6015
9192
2307
20832
3375
26432
3069
12966
14073
23625
17390
31471
28173
26242
31018
14541
4100
4397
23992
6839
966
4260
22872
6913
1451
28144
22212
10251
32480
4248
30263
7352
27661
6839
18732
7457
5940
19281
31592
11147
10461
23271
3386
2455
21616
1609
770
14777
9186
15276
11760
13547
9875
7676
29198
10403
1911
21108
11649
20738
20085
19563
9484
17230
20748
2929
6613
15522
5692
32666
27756
18660
12708
2074
28937
22008
23016
16402
22805
1843
15957
3498
21996
23827
24520
10080
22754
1325
28875
928
5252
26214
258
26260
8992
15718
30662
573
30343
23882
8719
23747
29969
26777
22423
28937
26594
5754
31548
15749
7788
22564
23206
13647
27445
29333
12587
18295
24026
24711
20975
28828
24149
4256
15696
2746
3451
21481
9601
20292
3784
4225
9844
16243
8031
3219
13566
26333
7757
25989
2358
11337
27150
1906
2078
9410
14162
14555
28805
7402
17665
3737
68 2
4476
23574
32295
26758
29990
29629
13190
1709
17955
19375
25397
2130
26975
23224
30753
32445
29906
16769
10396
15879
18179
5127
27139
4652
14283
22347
18333
19040
18012
1868
8391
3751
26753
14642
4686
13216
24360
11724
3869
161
13341
26684
27672
7177
17688
7409
25415
4562
32762
3286
21047
10342
13396
8393
14237
30644
7721
22863
13373
30338
3573
26246
4874
29189
20973
31835
7311
9135
17545
14076
34 57
9280
9105
10470
25408
6290
16679
19641
15684
2124
3564
21199
9487
9480
29858
15414
4995
20467
11854
2091
19448
15315
27696
1598
30164
28744
24056
5040
29787
4689
26679
18464
28873
5651
7956
21862
19102
15830
22848
7872
25146
2641
28460
19244
29097
39
31353
22292
26560
26289
10672
26928
31081
25598
31795
28329
23867
6680
31347
17018
25934
10633
15972
25628
27469
15646
24622
354
17100
747
6950
22434
9692
13967
16124
12309
20445
8378
16693
31616
14996
12268
732
20756
12670
3711
7797
21651
12131
23015
21043
18357
