7
3
2 3 1
10
10 4 5 8 6 7 2 9 1 3
100
21 90 15 23 43 2 34 95 96 72 3 18 11 87 29 14 61 55 75 66 51 63 92 46 86 0 64 76 49 13 100 59 44 53 42 68 8 98 45 4 52 40 47 20 32 97 65 94 70 22 19 50 84 54 81 88 60 31 83 1 77 5 24 33 39 85 74 17 56 10 35 6 99 93 16 28 48 25 78 9 73 38 12 82 91 62 71 79 57 27 67 7 36 69 89 58 41 80 26 37
500
382 414 26 142 151 456 289 62 385 362 40 372 105 215 11 317 498 415 119 43 113 200 375 235 262 20 338 170 218 98 6 450 323 500 121 210 491 299 474 360 355 177 302 67 453 496 333 316 303 80 359 284 394 494 183 373 399 438 214 52 21 277 493 290 57 356 114 292 217 134 36 4 322 95 402 5 423 449 180 434 120 118 116 278 357 223 354 499 346 7 139 443 444 308 123 230 197 84 439 175 66 42 212 69 234 282 446 199 448 65 417 110 148 25 445 347 398 209 18 102 32 305 185 72 181 495 49 250 168 403 343 370 246 276 58 244 140 163 189 61 288 41 221 436 79 411 345 133 477 421 442 341 488 87 227 8 261 159 24 232 164 291 39 143 427 97 2 396 285 281 153 381 136 383 162 128 240 186 23 467 245 188 293 88 150 459 255 466 497 307 430 390 376 457 424 203 344 89 254 469 287 146 10 106 109 447 271 463 158 94 461 47 350 1 182 363 156 358 397 440 125 27 460 127 129 392 312 247 29 22 431 149 46 283 279 92 309 91 378 337 192 90 201 226 258 348 126 56 174 219 266 248 99 54 202 330 306 108 379 28 249 364 366 260 73 387 432 225 367 198 208 326 17 30 374 55 216 145 239 111 169 103 400 15 77 195 483 478 264 50 112 472 353 231 475 44 352 211 82 314 401 166 204 205 265 60 410 53 241 206 161 35 233 147 389 74 315 361 48 194 93 280 38 251 413 157 489 267 213 75 100 380 433 85 487 334 388 68 196 336 14 269 393 179 268 252 96 310 190 81 405 33 296 71 377 124 30 135 228 351 320 191 492 295 229 16 479 319 70 272 454 425 297 222 59 331 384 412 451 107 339 464 130 429 19 263 435 274 321 3 78 236 416 420 328 304 300 176 470 465 452 178 325 332 207 327 37 171 273 404 12 335 144 154 426 187 115 138 122 238 9 349 340 462 490 155 131 63 324 275 480 486 86 237 253 184 371 409 481 104 437 368 329 468 224 51 152 286 458 473 270 406 386 342 243 242 83 257 160 31 172 298 45 141 193 407 395 256 101 428 476 471 173 167 137 117 408 132 301 13 259 441 365 34 369 455 64 422 294 418 391 311 482 220 318 419 165 76 485 313
800
76 446 628 565 380 48 722 651 578 422 184 56 372 156 647 598 494 650 106 246 319 537 708 501 74 567 623 630 213 450 373 507 706 317 27 779 699 274 606 433 646 665 700 42 369 710 82 557 313 336 410 474 181 133 361 328 315 262 279 258 276 469 167 797 545 292 340 102 33 744 282 776 403 559 677 475 65 625 253 393 401 784 269 13 609 629 457 299 442 747 572 344 489 667 536 354 760 515 455 208 151 424 752 191 188 112 99 118 478 54 52 777 45 451 761 389 227 794 22 88 169 326 497 547 166 698 311 436 202 772 405 263 199 592 571 146 280 663 36 195 385 492 270 731 510 127 97 509 59 287 582 733 538 370 479 117 294 108 564 339 135 62 126 109 343 101 683 375 386 322 293 201 783 396 676 769 387 723 517 788 107 555 750 417 271 183 341 301 153 482 318 26 705 122 513 441 491 38 594 715 427 367 467 379 418 68 563 532 98 766 791 605 95 503 376 660 458 678 219 87 588 337 726 734 124 332 368 198 150 223 786 7 264 248 252 159 508 793 72 374 416 40 577 75 154 435 782 165 160 178 798 641 738 267 672 691 737 481 128 495 764 407 746 602 669 549 220 180 233 581 511 732 673 6 655 521 687 695 321 759 709 182 423 192 392 365 729 607 432 193 612 415 71 12 525 615 727 351 568 519 757 209 654 29 626 544 172 558 713 411 115 448 546 505 79 529 561 360 378 371 444 414 790 483 438 91 203 149 310 247 81 725 177 189 696 342 70 286 362 11 256 320 621 335 3 430 785 736 554 586 350 425 100 206 104 690 221 297 347 222 610 539 693 196 456 636 330 230 575 611 767 268 2 449 210 730 408 157 257 556 460 93 528 49 527 688 465 105 591 616 443 596 261 755 642 593 675 531 498 77 323 397 85 231 560 459 754 66 714 664 502 18 139 431 312 770 579 24 19 295 704 740 535 303 670 228 116 390 173 652 226 356 799 587 601 800 296 234 477 728 640 224 703 32 214 205 53 5 123 493 358 283 445 796 504 406 138 409 69 749 780 635 215 694 216 671 765 170 57 426 204 514 161 739 391 400 724 649 249 419 254 309 526 645 643 176 14 512 597 164 44 96 774 413 500 111 648 758 284 523 743 659 718 47 64 238 353 265 421 486 382 692 120 464 60 484 211 428 8 781 520 566 148 778 302 614 174 552 627 179 402 681 488 20 145 487 787 141 624 620 590 80 453 576 235 631 43 324 454 186 383 17 753 194 25 583 103 355 266 702 573 35 551 540 50 619 719 288 305 10 680 472 773 142 212 468 110 748 229 237 158 388 789 346 463 363 23 41 185 300 285 534 197 58 533 684 175 90 147 541 34 73 716 84 345 707 308 217 232 553 277 662 51 137 338 792 618 132 439 600 506 28 316 608 63 259 143 243 742 657 46 717 306 225 768 250 331 381 89 522 584 429 155 39 473 775 218 634 404 686 751 83 763 548 543 129 239 37 447 94 207 30 1 190 720 168 604 92 334 16 480 712 574 136 119 327 352 125 163 281 289 653 21 251 325 121 420 470 499 434 140 114 603 349 570 644 622 437 756 377 466 741 440 679 471 569 272 412 490 771 242 674 86 307 134 348 131 666 580 599 240 530 721 275 637 633 15 304 366 496 241 200 562 685 31 244 697 152 359 613 701 333 130 639 638 384 550 485 187 162 113 617 745 524 682 78 395 461 61 55 245 399 171 298 711 518 656 762 364 476 398 661 255 542 668 795 632 357 585 314 4 67 278 260 462 236 394 658 290 291 589 273 595 689 452 9 329 735 516 144
1000
36 531 231 474 360 406 858 464 267 78 513 378 857 534 746 834 596 106 14 855 840 157 25 242 372 997 325 488 883 331 876 920 54 597 328 69 619 272 734 595 64 919 321 728 320 339 594 733 168 659 276 918 253 977 439 237 835 904 403 175 793 437 654 143 854 447 764 134 401 173 548 350 369 137 482 877 156 508 789 632 987 572 675 306 476 971 873 843 552 117 992 612 75 680 560 747 695 866 500 119 13 228 797 139 250 827 781 951 91 376 207 740 645 975 311 769 545 94 118 851 440 329 1 5 856 219 629 860 894 897 100 51 274 193 317 625 246 450 543 825 989 209 430 907 496 807 33 811 453 387 669 777 995 368 59 433 467 426 925 475 169 293 288 978 108 72 852 492 922 201 298 761 771 879 455 367 218 663 719 277 750 523 706 425 170 891 528 26 186 400 955 151 206 590 580 541 465 542 7 269 588 921 355 304 4 836 217 780 248 767 80 714 819 48 985 916 689 265 803 864 462 111 486 83 490 962 735 944 130 846 171 318 396 442 191 35 386 794 798 348 180 357 240 261 786 405 351 931 279 107 412 165 703 576 991 85 770 692 871 609 567 286 399 673 882 998 653 239 913 27 984 731 941 302 822 374 76 56 999 473 264 487 969 817 648 362 147 952 11 538 309 428 451 255 665 305 638 358 661 824 784 607 698 828 608 512 585 9 988 614 762 511 395 809 432 303 208 973 911 105 313 282 726 710 470 334 266 178 529 705 38 466 618 281 66 144 749 230 99 990 179 346 517 628 295 912 578 324 604 39 283 637 727 563 849 636 452 504 623 46 524 10 424 996 435 259 140 581 830 587 641 417 353 657 640 694 300 697 616 133 446 861 808 67 829 700 234 583 577 278 666 885 536 485 225 801 775 506 688 142 790 516 678 966 52 592 954 896 195 427 419 699 963 605 45 224 345 236 29 831 722 929 291 967 845 287 914 182 122 407 867 463 202 383 540 505 49 799 599 307 243 270 371 651 158 361 280 382 70 950 906 547 468 126 198 429 676 606 776 491 183 501 292 342 739 223 337 19 662 238 768 681 494 774 31 958 981 251 188 823 664 40 393 634 227 456 221 258 738 41 335 438 556 418 347 200 73 444 946 815 908 503 743 948 392 30 416 901 58 603 765 656 682 937 177 423 602 397 745 667 724 870 469 751 53 254 732 953 61 766 190 613 847 20 481 558 686 723 271 86 886 408 388 571 833 297 518 772 284 16 74 949 472 838 449 176 15 639 135 826 933 566 983 848 37 479 28 932 404 537 55 220 370 943 888 627 385 565 844 601 935 315 802 128 2 924 652 884 471 900 50 821 970 940 993 232 145 582 352 460 98 691 964 203 185 124 384 791 702 161 561 753 241 642 24 114 380 349 986 394 968 373 670 865 172 589 436 214 812 102 672 205 127 90 905 434 909 586 720 82 322 96 570 754 562 146 77 235 257 204 212 573 936 197 957 535 527 853 499 643 341 635 725 779 976 323 704 210 796 530 630 421 256 810 365 820 89 18 95 591 778 301 290 917 709 222 708 759 413 181 189 187 974 690 375 457 862 160 43 123 959 441 837 683 752 863 63 756 522 477 1000 194 945 316 620 655 480 215 196 247 730 716 712 841 514 22 617 354 934 622 832 584 785 615 624 71 555 319 244 881 631 515 546 273 874 159 129 711 229 788 110 327 961 79 152 263 268 875 568 893 57 960 213 553 12 707 226 312 148 166 758 112 326 249 338 356 574 757 138 502 646 6 333 131 872 982 685 850 88 533 199 299 115 62 890 409 366 310 782 507 68 892 658 81 132 336 17 47 600 557 718 994 363 805 308 497 713 510 795 414 554 136 458 649 899 245 120 42 275 737 939 760 611 60 564 621 149 459 153 878 569 965 598 593 674 296 736 539 294 650 902 889 773 448 684 942 551 910 377 285 32 103 947 141 415 525 521 544 895 818 379 381 671 792 744 979 880 184 154 677 390 927 411 804 3 755 192 101 8 898 344 813 330 644 814 980 579 498 721 926 715 262 398 915 104 509 150 626 174 660 167 495 87 252 668 868 687 928 647 701 610 65 211 343 34 92 763 97 289 800 693 155 519 972 550 887 489 23 113 164 748 742 787 420 340 391 162 21 696 454 410 956 93 484 549 575 422 806 717 364 930 816 923 741 445 443 109 233 520 839 402 389 431 526 332 842 532 163 260 359 44 216 478 938 125 121 859 314 783 679 493 729 869 483 903 84 461 116 559 633
1000
951 716 103 670 561 540 283 394 746 280 772 87 4 316 988 59 414 211 902 45 839 308 23 440 983 232 857 380 927 378 179 538 205 451 400 482 328 425 872 256 69 144 931 14 443 373 146 841 874 638 534 705 236 803 546 367 206 940 836 76 513 53 560 415 649 40 799 216 262 478 163 847 568 573 937 483 764 733 595 979 934 736 685 230 11 112 776 457 219 356 250 238 916 335 643 402 782 583 107 717 131 634 563 941 678 603 903 517 593 633 607 229 708 569 115 809 450 623 896 432 398 719 471 533 81 153 921 999 128 36 909 168 88 952 339 79 628 552 704 627 278 154 875 570 699 330 252 123 528 674 133 459 296 100 788 667 969 484 671 225 864 585 62 113 804 126 551 932 512 644 760 578 970 301 136 838 945 37 720 411 140 831 190 525 462 32 82 279 268 577 775 331 662 659 702 299 39 193 701 448 167 10 406 57 787 543 511 354 885 83 966 311 989 207 418 536 598 596 357 15 883 233 416 70 98 304 130 31 978 314 277 58 657 135 503 138 453 744 784 974 320 245 973 142 290 424 992 805 368 48 80 625 967 438 467 557 575 13 333 120 255 990 722 854 20 697 85 472 274 849 257 579 531 537 861 18 231 710 249 294 547 935 726 203 905 523 995 21 213 261 869 830 295 313 761 479 475 828 129 771 933 5 811 222 185 350 212 949 321 241 26 727 926 187 821 174 859 298 375 329 614 763 446 801 863 169 476 587 326 835 965 955 194 108 105 353 389 516 243 954 718 17 520 696 629 844 856 496 843 795 351 711 956 650 318 486 891 273 958 808 349 510 567 439 161 499 360 150 961 319 986 748 176 900 752 445 681 780 639 104 584 997 352 936 469 924 382 223 786 693 358 227 914 336 264 399 430 661 790 189 485 928 591 912 785 119 504 981 8 317 71 728 377 63 65 738 770 405 556 226 237 664 160 691 806 220 156 33 507 201 181 95 724 641 494 437 553 773 642 630 904 813 530 622 184 653 576 385 139 210 312 258 421 404 456 918 489 605 851 541 938 248 157 413 893 461 90 962 737 881 52 282 42 310 93 715 166 122 606 827 200 922 251 535 134 542 35 427 192 637 395 247 554 369 359 686 178 877 420 92 862 64 509 774 183 177 571 743 825 873 348 306 915 943 9 589 473 518 337 709 49 960 976 814 778 994 94 505 899 101 660 759 930 344 454 897 793 97 214 197 521 917 91 67 721 297 592 740 466 141 267 972 870 186 901 175 807 293 342 125 340 590 621 564 725 572 549 798 442 610 665 259 265 558 116 712 574 3 172 758 624 246 791 676 769 266 732 703 735 269 998 745 447 61 66 191 341 106 412 925 170 658 240 292 913 550 2 371 195 919 30 338 524 848 837 971 855 619 16 953 656 271 275 487 386 984 562 987 215 522 632 426 618 609 867 834 452 977 957 239 391 324 355 519 766 666 288 1000 655 963 754 409 910 944 908 887 492 477 465 566 72 460 545 449 431 199 495 878 714 668 871 692 401 381 145 372 982 428 417 84 323 858 408 209 370 374 663 580 147 822 946 455 768 526 218 322 332 463 920 19 647 729 765 996 253 158 968 923 54 124 690 695 260 895 396 491 464 44 285 458 800 749 137 99 110 993 345 959 392 235 544 441 682 196 302 481 423 55 876 346 325 559 890 860 334 888 96 180 403 242 470 254 850 28 588 706 221 792 114 879 777 493 263 41 789 364 347 315 514 820 270 840 73 47 24 173 824 22 781 846 387 51 889 6 739 611 118 410 646 689 204 148 165 384 845 796 159 436 117 480 78 648 818 488 892 750 506 600 948 366 779 498 86 865 307 797 188 947 975 361 171 202 688 751 565 305 555 742 868 616 652 812 388 794 753 60 397 228 198 852 635 755 636 343 817 164 363 132 287 597 527 898 651 149 419 474 964 700 894 468 942 539 56 286 939 694 582 680 291 741 829 217 490 379 730 272 866 631 929 581 654 907 980 25 89 620 68 911 444 613 208 75 802 102 756 365 762 816 679 289 723 842 815 707 27 501 594 604 303 747 121 529 43 34 683 376 50 46 162 422 601 1 669 393 515 823 244 182 77 362 508 832 327 281 309 155 767 276 810 675 111 826 429 950 645 435 7 886 407 38 12 74 586 300 224 383 599 532 234 684 390 731 434 608 617 615 687 819 640 433 612 783 882 991 151 284 713 109 29 672 734 152 602 757 880 833 698 985 127 548 677 497 626 673 143 500 906 884 853 502
