1000

1
10
1000000000
131815015
59868050
711527692
253379820
274421015
86535249
597219216
6244815
771371263
641992275
746938530
436928654
7218510
4087146
131373638
323401125
163904510
63145332
92634248
72756501
457182747
896432782
57866704
83908656
276725735
100384702
19916826
649614308
142278185
309773422
93089052
61787938
410605708
107113344
39377296
173638245
52070184
120030512
123883056
397918276
98752
133106750
511217675
51882768
798815424
72620436
26713278
336350980
692378162
22994412
364836532
164692380
280157947
206531796
35278432
298750874
155387472
772931588
5064976
138696476
62839004
141402562
62645871
317273060
365405163
641405908
102774987
358056579
730566540
223385525
486803840
134000844
35629750
18555480
16721802
144632328
455866164
10706850
487247986
500591320
143743117
113171316
292477576
93672496
36892170
142081575
84471654
442772496
49448763
628911200
144781425
270337578
126211958
333168156
262740156
385250385
609018476
344029400
223214688
522734148
331432300
12510940
6923112
108016895
17917830
258798790
97051607
390833088
81179676
201572594
46928364
274210738
47444881
48065112
19890380
20717420
50972301
26250416
487374460
686619412
76895964
528570825
6918791
260765350
2351175
416653020
76256856
447524511
359876430
590867342
460256797
697561980
217736808
135270909
7179600
660421236
26409380
546426863
55582660
198099671
20285483
567434102
709316179
306149372
122041752
340710348
62419896
269673508
781027836
205928955
207574328
295758600
355870665
35295670
628156245
162171772
157741605
408358480
127649790
478688032
678941778
28494297
262653112
5000106
32825361
859303371
368864793
4600125
264056884
394931025
146104290
175736298
90729846
690562690
469274175
691203600
199469637
4856134
167183527
263708984
49069010
472597125
216883941
68215928
164549804
21005604
358668025
163663355
580309704
275876392
27241435
593994460
676361411
154587568
181768104
584845878
219623229
593920145
21969570
118267113
533787444
409726000
4064392
276375750
127517550
158145125
997654352
436692788
189520758
304227932
69935285
203855484
166312700
548190684
821714884
41186880
160128288
303365040
627070549
552529257
247225180
267090720
747137448
695425640
543610394
69094295
411254676
6272832
306415990
59706373
256568003
148437936
236734463
183938520
506466450
14737917
583084611
138611232
53324844
102534880
5093102
62846542
951361718
170210748
18664776
100516542
187812960
156114921
97597548
133065240
10681974
303146985
156434790
306927387
13342560
161633570
208605150
357975640
1067040
248077566
74018752
18918737
218283462
6826810
79193786
483062436
481474098
182900000
89109364
89675650
663319853
325095770
115191510
111631828
101303136
175988872
515941888
490679364
565012800
55501056
649613682
182107809
138880170
35910498
66386241
367641681
675588878
228901219
212882670
257010322
353816600
47809604
318740829
82171584
397027890
104798647
182325405
166495204
40193640
250402528
282288800
854405663
244827285
6874472
203276174
207306264
84314541
322099746
334540250
145811820
35159400
28132059
3444000
253729536
236903331
22577660
778277754
67899175
156939655
436922640
66812739
364927256
83444295
349704240
23367435
128942797
544206240
459230783
324513900
24042193
16085638
24452208
444946068
288057360
184095540
55753643
61480144
33757380
372723
597310480
521429160
651512576
60153720
229650312
142085740
107546340
85147436
5791840
449100708
436812480
317775890
59001390
864217926
103609598
473757660
64382470
682505412
5864544
220988508
593102796
210365848
678388038
159678252
290724662
11072760
24688830
734908538
89238597
203807904
137512275
76161540
262357506
685260788
115199315
98607712
381437616
213351580
91408240
133392116
103412088
237392946
13535120
110594022
277747469
368504226
7383420
323676397
249372660
343538229
580506621
359601525
279381300
1509708
265578500
455731752
328525584
57752586
371918976
414133784
57067002
122127171
673330407
377939050
279663296
321190390
603534240
350923530
241626924
66482451
19509423
465406384
150165426
20571900
178172334
576142977
53150406
253348072
358771464
130849580
40384575
218357025
870217335
686516378
3201552
711093366
615508336
7202985
107108470
168199317
4447937
122059608
192626020
166581744
42233780
51441496
16744290
594191395
617958680
576456495
648605880
445873536
135259425
50780640
39300498
243411594
103546382
52072067
2352000
430409515
30862304
193681136
100084829
265046536
610729353
86146740
76808640
438042227
144469765
63810828
302019975
9960748
177137140
138181470
347242743
616654660
168344144
144736452
193322250
12367469
228970240
766768662
246030072
274308852
110318028
751911699
291417264
76771050
568657968
188421336
154125252
24877800
62503548
310368366
442264112
460328994
473690565
611598244
133819543
41006930
515399810
635954382
254992636
108351789
82962495
70048769
7464583
38510648
48409620
852446340
459975350
104674682
312594380
39132990
756333105
32285380
580927680
290168324
139374715
214376176
155446336
394573920
124646155
48626378
34364616
29835068
12640680
861697564
515018385
206737458
351230
554130216
315038493
3976698
201750264
695241855
49813410
723622812
525589844
38482680
329491476
108278177
209635068
96141822
433525092
564933472
105216514
2112208
731090900
161859920
585085592
212197950
183067071
381615936
806157600
32437160
219135700
46590180
160633725
36136650
372028984
210931072
361711184
149439979
120848320
188856648
277748200
15103656
637062438
56340900
38880345
217778660
31686694
65305280
358730464
16616236
92570814
224668294
68368455
309136620
708965250
389026334
120635244
408977184
125955856
770410620
102213090
336690459
150672060
187487435
226679719
341294295
115673130
535812416
484497936
667517436
253132121
266449216
512712002
18660012
762053292
378029705
133454070
6659389
787238109
29204564
396750508
199907002
3296291
244939308
98425920
380081000
715792752
88048950
231537402
311038715
535480154
469050835
287458262
817836760
380135736
70383060
59304130
173417212
13012716
606630260
359724442
188193590
42081136
27333912
960948337
602958712
18847430
321490530
68508600
243033225
55291545
99304656
876625200
138464496
72092176
558616085
147850260
462252197
97279819
109866744
352931072
340613217
331819281
822571310
773291078
70706790
153596320
133706405
105274710
118848740
231856253
773943578
826044443
516118900
12787057
44248365
127572909
35711745
248946796
14502054
406217340
5382468
373190950
98329640
105869388
41798547
394933887
495546684
53861236
147318300
3418789
945545032
644727105
523245075
35517878
722919225
35567656
53833078
125387067
11943184
68324208
232594770
617263659
30264274
581929016
258862570
52670891
73901550
122740248
333850687
742420931
179224850
46703748
455342469
707905549
237661430
425663844
311670072
150668742
55328064
189779746
976072244
50590095
476832732
303176514
253696743
84309498
142090740
14830136
63395475
398644974
576766944
281776432
8807088
180255600
80312870
17252154
112620925
78774850
64573676
363687801
315335274
15410064
271351675
232075276
553006860
36932688
462907578
383804410
80696890
426666705
254608848
38639901
300915426
688830480
313304724
507969576
29413055
164223447
13899944
467059140
41211342
19823245
319415374
472354155
29331511
322054509
162995256
156146760
5686800
233865033
58361413
641610852
55224764
319774617
248108940
418548762
206520051
210928107
289940325
264875432
40446060
187564448
118747112
437294350
3966025
94771770
255856299
340936882
604190718
400612320
97784640
713789937
462517350
205084128
27208608
452908540
144749120
361111569
49431707
260344045
646262361
9132288
230199060
183260961
230723810
208025334
237035090
1433712
271567428
124755414
4101500
829600
150816240
618837198
53979240
76060610
304057550
162679216
95626204
76076085
85201675
246300800
588398052
216063616
63939450
68951304
49952007
240335340
146377790
64043352
396840909
59987200
502006400
82522168
29148784
561647600
8166620
405001896
94640920
9815778
588506324
4252570
10853784
150699452
353514140
228519786
192801864
215698578
49582200
501140432
204544053
235597091
6906354
261045048
86743228
15092244
43983347
6936708
432991644
354688648
469388082
350151954
8036410
97460376
98896553
301942620
247591850
67903181
333329360
211618010
20038956
744943770
202714932
60558804
157589684
59472468
590032800
144873456
171674426
373664265
36576384
13772500
136408956
348123522
616323220
92840400
80519487
118884497
435616610
913316492
117831932
107207128
74226775
940362176
175820679
40862220
334821375
43494990
95834394
127789838
54032940
125336759
139053880
52466188
263408236
170493498
92147307
18478640
431552814
272989959
1397918
250819712
403375864
8846922
301437450
188008
59235396
115631352
113183220
19010743
404684186
65090256
81299890
8176388
820108274
602130045
102391991
612037016
45173808
498833528
205975462
116314100
150290532
11277967
572258160
165921854
461131000
352415046
370440875
124010768
32137028
67789625
51429960
14619360
400058256
55525556
359628456
38484750
571111974
677517538
595157913
184492854
414373820
7799463
286856667
437070075
136088676
235097511
549408000
82318182
448336942
52310418
158467567
295527114
137718680
77545836
98792386
108245808
3139218
201872687
321876126
306489645
185231820
357323374
542003120
65640344
8844315
121479558
13315827
662938278
151560288
210987672
34331492
39603396
37028475
26440266
369740532
451263500
203628244
181575600
470427604
66232202
82072376
42710255
310723032
41462456
470937110
51607458
71437218
59644650
173151576
67445240
68133447
12176378
538227283
28170444
115961748
161362445
314991709
339168600
95392458
7660347
62521452
30988494
308042434
235409658
293171212
31287957
243059166
317291680
54304719
