6
-1 -1 -1 -1 2 -1


112
-15
13
6
-11
-4
5
-13
5
3
2
6
-1
4
12
-10
-13
-7
-4
-5
6
9
-14
1
-6
13
7
-8
10
-4
11
-8
-3
1
5
-7
4
-13
-13
-5
-3
4
-14
11
-14
5
-13
-12
13
-10
-10
-4
-15
13
13
-14
11
-3
-15
6
1
3
5
13
-11
-5
-9
1
-2
-14
11
10
5
4
-1
6
-6
-7
9
-15
-2
7
-12
-10
5
-14
13
-6
-9
6
7
7
-6
-2
-3
-9
0
-5
7
5
-4
-5
-7
-13
14
7
8
-15
7
-5
-15
-10
9


109
7
-1
14
-12
-8
7
2
-15
8
8
-8
-14
-4
-5
7
9
11
-4
-15
-6
1
-14
4
3
10
-5
2
1
6
11
2
-2
-5
-7
-6
2
-15
11
-6
8
-4
2
1
-1
4
-6
-15
1
5
-15
10
14
9
-8
-6
4
-6
11
12
-15
7
-1
-9
9
-1
0
-4
-1
-12
-2
14
-9
7
0
-3
-4
1
-2
12
14
-10
0
5
14
-1
14
3
8
10
-8
8
-5
-2
6
-11
12
13
-7
-12
8
6
-13
14
-2
-5
-11
1
3
-6
