10
5
0 0
1 0
4 1
2 3
0 2
8
0 0
1 0
6 1
2 1
6 2
2 3
3 6
1 2
13
0 0
1 0
15 1
15 6
13 1
1 5
12 1
1 4
11 1
1 3
10 1
1 2
2 1
5
0 0
1 0
17 1
17 1000
0 1000
10
0 0
1 0
13 1
1 1
13 2
1 2
1 6
2 7
2 8
0 8
40
0 0
1 1
2 0
3 1
4 0
5 1
6 0
7 1
8 0
9 1
10 0
10 1
9 2
10 3
9 4
10 5
9 6
10 7
9 8
10 9
10 10
9 9
8 10
7 9
6 10
5 9
4 10
3 9
2 10
1 9
0 10
0 9
1 8
0 7
1 6
0 5
1 4
0 3
1 2
0 1
1000
0 0
1 1
2 0
3 1
4 0
5 1
6 0
7 1
8 0
9 1
10 0
11 1
12 0
13 1
14 0
15 1
16 0
17 1
18 0
19 1
20 0
21 1
22 0
23 1
24 0
25 1
26 0
27 1
28 0
29 1
30 0
31 1
32 0
33 1
34 0
35 1
36 0
37 1
38 0
39 1
40 0
41 1
42 0
43 1
44 0
45 1
46 0
47 1
48 0
49 1
50 0
51 1
52 0
53 1
54 0
55 1
56 0
57 1
58 0
59 1
60 0
61 1
62 0
63 1
64 0
65 1
66 0
67 1
68 0
69 1
70 0
71 1
72 0
73 1
74 0
75 1
76 0
77 1
78 0
79 1
80 0
81 1
82 0
83 1
84 0
85 1
86 0
87 1
88 0
89 1
90 0
91 1
92 0
93 1
94 0
95 1
96 0
97 1
98 0
99 1
100 0
101 1
102 0
103 1
104 0
105 1
106 0
107 1
108 0
109 1
110 0
111 1
112 0
113 1
114 0
115 1
116 0
117 1
118 0
119 1
120 0
121 1
122 0
123 1
124 0
125 1
126 0
127 1
128 0
129 1
130 0
131 1
132 0
133 1
134 0
135 1
136 0
137 1
138 0
139 1
140 0
141 1
142 0
143 1
144 0
145 1
146 0
147 1
148 0
149 1
150 0
151 1
152 0
153 1
154 0
155 1
156 0
157 1
158 0
159 1
160 0
161 1
162 0
163 1
164 0
165 1
166 0
167 1
168 0
169 1
170 0
171 1
172 0
173 1
174 0
175 1
176 0
177 1
178 0
179 1
180 0
181 1
182 0
183 1
184 0
185 1
186 0
187 1
188 0
189 1
190 0
191 1
192 0
193 1
194 0
195 1
196 0
197 1
198 0
199 1
200 0
201 1
202 0
203 1
204 0
205 1
206 0
207 1
208 0
209 1
210 0
211 1
212 0
213 1
214 0
215 1
216 0
217 1
218 0
219 1
220 0
221 1
222 0
223 1
224 0
225 1
226 0
227 1
228 0
229 1
230 0
231 1
232 0
233 1
234 0
235 1
236 0
237 1
238 0
239 1
240 0
241 1
242 0
243 1
244 0
245 1
246 0
247 1
248 0
249 1
250 0
250 1
249 2
250 3
249 4
250 5
249 6
250 7
249 8
250 9
249 10
250 11
249 12
250 13
249 14
250 15
249 16
250 17
249 18
250 19
249 20
250 21
249 22
250 23
249 24
250 25
249 26
250 27
249 28
250 29
249 30
250 31
249 32
250 33
249 34
250 35
249 36
250 37
249 38
250 39
249 40
250 41
249 42
250 43
249 44
250 45
249 46
250 47
249 48
250 49
249 50
250 51
249 52
250 53
249 54
250 55
249 56
250 57
249 58
250 59
249 60
250 61
249 62
250 63
249 64
250 65
249 66
250 67
249 68
250 69
249 70
250 71
249 72
250 73
249 74
250 75
249 76
250 77
249 78
250 79
249 80
250 81
249 82
250 83
249 84
250 85
249 86
250 87
249 88
250 89
249 90
250 91
249 92
250 93
249 94
250 95
249 96
250 97
249 98
250 99
249 100
250 101
249 102
250 103
249 104
250 105
249 106
250 107
249 108
250 109
249 110
250 111
249 112
250 113
249 114
250 115
249 116
250 117
249 118
250 119
249 120
250 121
249 122
250 123
249 124
250 125
249 126
250 127
249 128
250 129
249 130
250 131
249 132
250 133
249 134
250 135
249 136
250 137
249 138
250 139
249 140
250 141
249 142
250 143
249 144
250 145
249 146
250 147
249 148
250 149
249 150
250 151
249 152
250 153
249 154
250 155
249 156
250 157
249 158
250 159
249 160
250 161
249 162
250 163
249 164
250 165
249 166
250 167
249 168
250 169
249 170
250 171
249 172
250 173
249 174
250 175
249 176
250 177
249 178
250 179
249 180
250 181
249 182
250 183
249 184
250 185
249 186
250 187
249 188
250 189
249 190
250 191
249 192
250 193
249 194
250 195
249 196
250 197
249 198
250 199
249 200
250 201
249 202
250 203
249 204
250 205
249 206
250 207
249 208
250 209
249 210
250 211
249 212
250 213
249 214
250 215
249 216
250 217
249 218
250 219
249 220
250 221
249 222
250 223
249 224
250 225
249 226
250 227
249 228
250 229
249 230
250 231
249 232
250 233
249 234
250 235
249 236
250 237
249 238
250 239
249 240
250 241
249 242
250 243
249 244
250 245
249 246
250 247
249 248
250 249
250 250
249 249
248 250
247 249
246 250
245 249
244 250
243 249
242 250
241 249
240 250
239 249
238 250
237 249
236 250
235 249
234 250
233 249
232 250
231 249
230 250
229 249
228 250
227 249
226 250
225 249
224 250
223 249
222 250
221 249
220 250
219 249
218 250
217 249
216 250
215 249
214 250
213 249
212 250
211 249
210 250
209 249
208 250
207 249
206 250
205 249
204 250
203 249
202 250
201 249
200 250
199 249
198 250
197 249
196 250
195 249
194 250
193 249
192 250
191 249
190 250
189 249
188 250
187 249
186 250
185 249
184 250
183 249
182 250
181 249
180 250
179 249
178 250
177 249
176 250
175 249
174 250
173 249
172 250
171 249
170 250
169 249
168 250
167 249
166 250
165 249
164 250
163 249
162 250
161 249
160 250
159 249
158 250
157 249
156 250
155 249
154 250
153 249
152 250
151 249
150 250
149 249
148 250
147 249
146 250
145 249
144 250
143 249
142 250
141 249
140 250
139 249
138 250
137 249
136 250
135 249
134 250
133 249
132 250
131 249
130 250
129 249
128 250
127 249
126 250
125 249
124 250
123 249
122 250
121 249
120 250
119 249
118 250
117 249
116 250
115 249
114 250
113 249
112 250
111 249
110 250
109 249
108 250
107 249
106 250
105 249
104 250
103 249
102 250
101 249
100 250
99 249
98 250
97 249
96 250
95 249
94 250
93 249
92 250
91 249
90 250
89 249
88 250
87 249
86 250
85 249
84 250
83 249
82 250
81 249
80 250
79 249
78 250
77 249
76 250
75 249
74 250
73 249
72 250
71 249
70 250
69 249
68 250
67 249
66 250
65 249
64 250
63 249
62 250
61 249
60 250
59 249
58 250
57 249
56 250
55 249
54 250
53 249
52 250
51 249
50 250
49 249
48 250
47 249
46 250
45 249
44 250
43 249
42 250
41 249
40 250
39 249
38 250
37 249
36 250
35 249
34 250
33 249
32 250
31 249
30 250
29 249
28 250
27 249
26 250
25 249
24 250
23 249
22 250
21 249
20 250
19 249
18 250
17 249
16 250
15 249
14 250
13 249
12 250
11 249
10 250
9 249
8 250
7 249
6 250
5 249
4 250
3 249
2 250
1 249
0 250
0 249
1 248
0 247
1 246
0 245
1 244
0 243
1 242
0 241
1 240
0 239
1 238
0 237
1 236
0 235
1 234
0 233
1 232
0 231
1 230
0 229
1 228
0 227
1 226
0 225
1 224
0 223
1 222
0 221
1 220
0 219
1 218
0 217
1 216
0 215
1 214
0 213
1 212
0 211
1 210
0 209
1 208
0 207
1 206
0 205
1 204
0 203
1 202
0 201
1 200
0 199
1 198
0 197
1 196
0 195
1 194
0 193
1 192
0 191
1 190
0 189
1 188
0 187
1 186
0 185
1 184
0 183
1 182
0 181
1 180
0 179
1 178
0 177
1 176
0 175
1 174
0 173
1 172
0 171
1 170
0 169
1 168
0 167
1 166
0 165
1 164
0 163
1 162
0 161
1 160
0 159
1 158
0 157
1 156
0 155
1 154
0 153
1 152
0 151
1 150
0 149
1 148
0 147
1 146
0 145
1 144
0 143
1 142
0 141
1 140
0 139
1 138
0 137
1 136
0 135
1 134
0 133
1 132
0 131
1 130
0 129
1 128
0 127
1 126
0 125
1 124
0 123
1 122
0 121
1 120
0 119
1 118
0 117
1 116
0 115
1 114
0 113
1 112
0 111
1 110
0 109
1 108
0 107
1 106
0 105
1 104
0 103
1 102
0 101
1 100
0 99
1 98
0 97
1 96
0 95
1 94
0 93
1 92
0 91
1 90
0 89
1 88
0 87
1 86
0 85
1 84
0 83
1 82
0 81
1 80
0 79
1 78
0 77
1 76
0 75
1 74
0 73
1 72
0 71
1 70
0 69
1 68
0 67
1 66
0 65
1 64
0 63
1 62
0 61
1 60
0 59
1 58
0 57
1 56
0 55
1 54
0 53
1 52
0 51
1 50
0 49
1 48
0 47
1 46
0 45
1 44
0 43
1 42
0 41
1 40
0 39
1 38
0 37
1 36
0 35
1 34
0 33
1 32
0 31
1 30
0 29
1 28
0 27
1 26
0 25
1 24
0 23
1 22
0 21
1 20
0 19
1 18
0 17
1 16
0 15
1 14
0 13
1 12
0 11
1 10
0 9
1 8
0 7
1 6
0 5
1 4
0 3
1 2
0 1
4
0 0
1000 0
1000 1000
0 1000
999
1 998
2 1
3 998
4 1
5 998
6 1
7 998
8 1
9 998
10 1
11 998
12 1
13 998
14 1
15 998
16 1
17 998
18 1
19 998
20 1
21 998
22 1
23 998
24 1
25 998
26 1
27 998
28 1
29 998
30 1
31 998
32 1
33 998
34 1
35 998
36 1
37 998
38 1
39 998
40 1
41 998
42 1
43 998
44 1
45 998
46 1
47 998
48 1
49 998
50 1
51 998
52 1
53 998
54 1
55 998
56 1
57 998
58 1
59 998
60 1
61 998
62 1
63 998
64 1
65 998
66 1
67 998
68 1
69 998
70 1
71 998
72 1
73 998
74 1
75 998
76 1
77 998
78 1
79 998
80 1
81 998
82 1
83 998
84 1
85 998
86 1
87 998
88 1
89 998
90 1
91 998
92 1
93 998
94 1
95 998
96 1
97 998
98 1
99 998
100 1
101 998
102 1
103 998
104 1
105 998
106 1
107 998
108 1
109 998
110 1
111 998
112 1
113 998
114 1
115 998
116 1
117 998
118 1
119 998
120 1
121 998
122 1
123 998
124 1
125 998
126 1
127 998
128 1
129 998
130 1
131 998
132 1
133 998
134 1
135 998
136 1
137 998
138 1
139 998
140 1
141 998
142 1
143 998
144 1
145 998
146 1
147 998
148 1
149 998
150 1
151 998
152 1
153 998
154 1
155 998
156 1
157 998
158 1
159 998
160 1
161 998
162 1
163 998
164 1
165 998
166 1
167 998
168 1
169 998
170 1
171 998
172 1
173 998
174 1
175 998
176 1
177 998
178 1
179 998
180 1
181 998
182 1
183 998
184 1
185 998
186 1
187 998
188 1
189 998
190 1
191 998
192 1
193 998
194 1
195 998
196 1
197 998
198 1
199 998
200 1
201 998
202 1
203 998
204 1
205 998
206 1
207 998
208 1
209 998
210 1
211 998
212 1
213 998
214 1
215 998
216 1
217 998
218 1
219 998
220 1
221 998
222 1
223 998
224 1
225 998
226 1
227 998
228 1
229 998
230 1
231 998
232 1
233 998
234 1
235 998
236 1
237 998
238 1
239 998
240 1
241 998
242 1
243 998
244 1
245 998
246 1
247 998
248 1
249 998
250 1
251 998
252 1
253 998
254 1
255 998
256 1
257 998
258 1
259 998
260 1
261 998
262 1
263 998
264 1
265 998
266 1
267 998
268 1
269 998
270 1
271 998
272 1
273 998
274 1
275 998
276 1
277 998
278 1
279 998
280 1
281 998
282 1
283 998
284 1
285 998
286 1
287 998
288 1
289 998
290 1
291 998
292 1
293 998
294 1
295 998
296 1
297 998
298 1
299 998
300 1
301 998
302 1
303 998
304 1
305 998
306 1
307 998
308 1
309 998
310 1
311 998
312 1
313 998
314 1
315 998
316 1
317 998
318 1
319 998
320 1
321 998
322 1
323 998
324 1
325 998
326 1
327 998
328 1
329 998
330 1
331 998
332 1
333 998
334 1
335 998
336 1
337 998
338 1
339 998
340 1
341 998
342 1
343 998
344 1
345 998
346 1
347 998
348 1
349 998
350 1
351 998
352 1
353 998
354 1
355 998
356 1
357 998
358 1
359 998
360 1
361 998
362 1
363 998
364 1
365 998
366 1
367 998
368 1
369 998
370 1
371 998
372 1
373 998
374 1
375 998
376 1
377 998
378 1
379 998
380 1
381 998
382 1
383 998
384 1
385 998
386 1
387 998
388 1
389 998
390 1
391 998
392 1
393 998
394 1
395 998
396 1
397 998
398 1
399 998
400 1
401 998
402 1
403 998
404 1
405 998
406 1
407 998
408 1
409 998
410 1
411 998
412 1
413 998
414 1
415 998
416 1
417 998
418 1
419 998
420 1
421 998
422 1
423 998
424 1
425 998
426 1
427 998
428 1
429 998
430 1
431 998
432 1
433 998
434 1
435 998
436 1
437 998
438 1
439 998
440 1
441 998
442 1
443 998
444 1
445 998
446 1
447 998
448 1
449 998
450 1
451 998
452 1
453 998
454 1
455 998
456 1
457 998
458 1
459 998
460 1
461 998
462 1
463 998
464 1
465 998
466 1
467 998
468 1
469 998
470 1
471 998
472 1
473 998
474 1
475 998
476 1
477 998
478 1
479 998
480 1
481 998
482 1
483 998
484 1
485 998
486 1
487 998
488 1
489 998
490 1
491 998
492 1
493 998
494 1
495 998
496 1
497 998
498 1
499 998
500 1
501 998
502 1
503 998
504 1
505 998
506 1
507 998
508 1
509 998
510 1
511 998
512 1
513 998
514 1
515 998
516 1
517 998
518 1
519 998
520 1
521 998
522 1
523 998
524 1
525 998
526 1
527 998
528 1
529 998
530 1
531 998
532 1
533 998
534 1
535 998
536 1
537 998
538 1
539 998
540 1
541 998
542 1
543 998
544 1
545 998
546 1
547 998
548 1
549 998
550 1
551 998
552 1
553 998
554 1
555 998
556 1
557 998
558 1
559 998
560 1
561 998
562 1
563 998
564 1
565 998
566 1
567 998
568 1
569 998
570 1
571 998
572 1
573 998
574 1
575 998
576 1
577 998
578 1
579 998
580 1
581 998
582 1
583 998
584 1
585 998
586 1
587 998
588 1
589 998
590 1
591 998
592 1
593 998
594 1
595 998
596 1
597 998
598 1
599 998
600 1
601 998
602 1
603 998
604 1
605 998
606 1
607 998
608 1
609 998
610 1
611 998
612 1
613 998
614 1
615 998
616 1
617 998
618 1
619 998
620 1
621 998
622 1
623 998
624 1
625 998
626 1
627 998
628 1
629 998
630 1
631 998
632 1
633 998
634 1
635 998
636 1
637 998
638 1
639 998
640 1
641 998
642 1
643 998
644 1
645 998
646 1
647 998
648 1
649 998
650 1
651 998
652 1
653 998
654 1
655 998
656 1
657 998
658 1
659 998
660 1
661 998
662 1
663 998
664 1
665 998
666 1
667 998
668 1
669 998
670 1
671 998
672 1
673 998
674 1
675 998
676 1
677 998
678 1
679 998
680 1
681 998
682 1
683 998
684 1
685 998
686 1
687 998
688 1
689 998
690 1
691 998
692 1
693 998
694 1
695 998
696 1
697 998
698 1
699 998
700 1
701 998
702 1
703 998
704 1
705 998
706 1
707 998
708 1
709 998
710 1
711 998
712 1
713 998
714 1
715 998
716 1
717 998
718 1
719 998
720 1
721 998
722 1
723 998
724 1
725 998
726 1
727 998
728 1
729 998
730 1
731 998
732 1
733 998
734 1
735 998
736 1
737 998
738 1
739 998
740 1
741 998
742 1
743 998
744 1
745 998
746 1
747 998
748 1
749 998
750 1
751 998
752 1
753 998
754 1
755 998
756 1
757 998
758 1
759 998
760 1
761 998
762 1
763 998
764 1
765 998
766 1
767 998
768 1
769 998
770 1
771 998
772 1
773 998
774 1
775 998
776 1
777 998
778 1
779 998
780 1
781 998
782 1
783 998
784 1
785 998
786 1
787 998
788 1
789 998
790 1
791 998
792 1
793 998
794 1
795 998
796 1
797 998
798 1
799 998
800 1
801 998
802 1
803 998
804 1
805 998
806 1
807 998
808 1
809 998
810 1
811 998
812 1
813 998
814 1
815 998
816 1
817 998
818 1
819 998
820 1
821 998
822 1
823 998
824 1
825 998
826 1
827 998
828 1
829 998
830 1
831 998
832 1
833 998
834 1
835 998
836 1
837 998
838 1
839 998
840 1
841 998
842 1
843 998
844 1
845 998
846 1
847 998
848 1
849 998
850 1
851 998
852 1
853 998
854 1
855 998
856 1
857 998
858 1
859 998
860 1
861 998
862 1
863 998
864 1
865 998
866 1
867 998
868 1
869 998
870 1
871 998
872 1
873 998
874 1
875 998
876 1
877 998
878 1
879 998
880 1
881 998
882 1
883 998
884 1
885 998
886 1
887 998
888 1
889 998
890 1
891 998
892 1
893 998
894 1
895 998
896 1
897 998
898 1
899 998
900 1
901 998
902 1
903 998
904 1
905 998
906 1
907 998
908 1
909 998
910 1
911 998
912 1
913 998
914 1
915 998
916 1
917 998
918 1
919 998
920 1
921 998
922 1
923 998
924 1
925 998
926 1
927 998
928 1
929 998
930 1
931 998
932 1
933 998
934 1
935 998
936 1
937 998
938 1
939 998
940 1
941 998
942 1
943 998
944 1
945 998
946 1
947 998
948 1
949 998
950 1
951 998
952 1
953 998
954 1
955 998
956 1
957 998
958 1
959 998
960 1
961 998
962 1
963 998
964 1
965 998
966 1
967 998
968 1
969 998
970 1
971 998
972 1
973 998
974 1
975 998
976 1
977 998
978 1
979 998
980 1
981 998
982 1
983 998
984 1
985 998
986 1
987 998
988 1
989 998
990 1
991 998
992 1
993 998
994 1
995 998
996 1
997 998
998 0
0 0
16
0 0
10 0
10 10
8 10
8 1
7 1
7 8
6 8
6 1
4 1
4 8
3 8
3 1
2 1
2 10
0 10
