123 321 2
4531 1332 0
13425 87694 99
2872876342876443222 2309482482304823423 5
940948 124551 4893846
4614232 8168576 1
9954312 4341138 1
493198650286 524865090061 69656315
260661849 337882913 4
476361542 797372601 553689940
920014607 677773359 1
6660380125094 9835120164061 456302416
139880 977838 2
33496 91099 1
249925533 574380880 1
99722828907815 26124258626539 33784985
9119762952003 5181953252586 233609756
41969825549125 78393967997693 7
58254416163 35532825361 7
562915 336492 345500226
39634 68875 75406607
544442930778 630382520372 5
83211325 95122264 3
60053106 65004549 0
5168314849207 2607056738492 1
357983022367 555402606111 9
38301 69038 0
489307478371 908345014562 3
66767719162 82765139959 5
74442792 37315785 7
515951064 530891347 1
22810315522 97482363035 3
225910850790 834104859254 1
8279617719 2341753324 368637198
2456807743136301904293148205593287 4814355268929594505880132227031337 3
2378379391828018486093008763565839483976 4586155196454253268266394562535661446268 17
6151760024336282343436847398008805 6436392198234023198989135142538928 9
819359798014 755509282450 6
515908387269381033 248015413735856908 22021478
1789415666667140612149523415231688277126 9494603624588121498245299838698662382627 7
18020892820 25276787816 2
500072552148 846898355155 10
6721499030350 1678364419557 4
888152324666290 693119955560594 3
753912881860249022154442504212 679554034122982278583944698566 27
36471321638328601260546793 27881638761723785858733108 8
69157334220127702410373959720286708183036202841837 88170488136789555663008823065097228294482725847395 3062712
2143104079081407953823210407590 5120989173307660289899942087873 26
719160336221432605496082740760 829385156688987079158639453823 14
5328164677964192631597 4261762534075531888017 5109239
3354272672201175918178669926658403783 8125762161157485649843253832706801195 9
834031790352912617015229051836886166704989 398756486878095690013558017746707412183571 5154630
102788597134713712753445514126633008138169801 193936554050655189622505252067280068306437052 16249851
9185659265 7321228887 234571835
253099511123397233 948439249057476630 14
45103958962576385930251577941785788423 54130417721313151505122155389284275840 12
58410334067556098357904874023541664529124 99376587897716501326057449061190421970933 10
3959883951362881981334392721761730602 8607209543256088157579237279363810687 3
956154138509213352904857330303211081872892 502825581249882717950340153423294924904498 29
317198832933283402012107668058895732220023 368772879592913081920247581007169303730432 31
671307036319561510973081517179498 901850892808514736168086571028355 7297393
332337301487898979195896933141 757634638342789014073494568989 461698
36936200651619735006518272 15225869835505815073415641 2
810552583278527 897631598954952 701171837
772837541829689816375410122854 577344918387971143529155679023 9
944435802949835043525777440411 540286814764987386280980496828 99832167
14818221466938136452 60103873314561219180 44112133
89810325032263 36158219397213 305143302
45032978011474399676209623035196792756824630918 16840379622730730736467401244634502016937915244 42
38703446718121231110891097745167839313963 65207170671754817521753100050078649148089 11
66063803694204436918911863509108226897789305 43977435833361047427157227036098964029032247 19
133435216988414573027770200864501573279114033 158305102510406489562221747860021392415406681 6108143
8938984399697725232833857 9813512086553953548503508 230949553
6602216501773835132194230148661387944354427756 8907098673201535654681585332876964632105870037 4
80301437092522842858272203910154459926903568895691 52078781833517251582408153358579924416926852012829 26
38545910061871710779360344965980386431431207484939 51573285979375019846213907280920942066461364589744 23
50233223989397552958970410382732356072966427596076 85025784192529302260925165474921971643175552908399 24
653628412669143468438474646638061169058111 283490819387470763926989517007126943022233 361476832
5992656634888835137374061946243013583747123 4082860781651405790539484388074332086469777 3
56710852 18058360 1
9 1 1000000000
92345678910111213141516171819202122232425262728293 93233343536373839404142434445464748495051525354553 1000000000
38573829212345678545785423462342345678987651 23454365656556436543636456546456456456456546 1000000000
1181111171111112345899911111111199999911199999 1181111171111112345899911111111199999911199999 1000000000
12345678999999999999999999999999999999999999999999 12345678987654321111111111111111111111111111111111 999999999
123456789123456789 123456789123456789 100000000
23492873498729384298734928374987293874298734 87349872938429873492837498729387429873459834 1000000000
99999999999999999999999999999999999999999999999999 99999999999999999999999999999999999999999999999999 1000000000
123 999 100
56710852 18058360 165
24 11 4
